
SNPARM = PRES;TMPC;TMWC;DWPC;THTE;DRCT;SKNT;OMEG;CFRL;HGHT
STNPRM = SHOW;LIFT;SWET;KINX;LCLP;PWAT;TOTL;CAPE;LCLT;CINS;EQLV;LFCT;BRCH

STID = P53 STNM = 240 TIME = 140412/0100
SLAT = 46.42 SLON = -86.65 SELV = 236
STIM = 0

SHOW = 5.84 LIFT = 4.89 SWET = 88.96 KINX = 13.51
LCLP = 928.89 PWAT = 8.10 TOTL = 47.26 CAPE = 0.00
LCLT = 271.83 CINS = 0.00 EQLV = -9999.00 LFCT = -9999.00
BRCH = 0.00

PRES TMPC TMWC DWPC THTE DRCT SKNT OMEG
CFRL HGHT
984.70 3.24 1.67 -0.53 288.14 194.93 3.02 0.00
0.00 237.64
981.80 6.84 3.74 -0.24 292.42 216.25 10.85 0.00
0.00 261.71
976.40 8.94 4.59 -0.90 294.67 220.14 12.97 0.00
0.00 307.19
967.10 8.24 4.01 -1.48 294.41 232.13 13.30 0.00
0.00 386.29
953.40 7.54 3.38 -2.18 294.52 255.96 14.43 0.00
0.00 503.91
935.80 6.54 2.31 -3.71 294.18 273.22 17.33 0.00
0.00 657.04
914.80 4.84 0.74 -5.64 293.29 277.13 18.81 0.00
0.00 842.62
891.80 2.94 -0.85 -7.21 292.71 276.34 19.36 0.00
0.00 1049.45
866.90 0.94 -2.49 -8.70 292.35 274.67 19.11 0.00
0.00 1277.82
839.00 -1.16 -4.29 -10.46 292.18 274.00 19.49 0.00
0.00 1539.62
808.30 -3.36 -6.17 -12.21 292.35 276.82 22.90 0.00
0.00 1835.57
774.60 -6.16 -8.13 -12.53 292.94 281.70 27.79 0.00
0.00 2170.53
737.90 -9.16 -10.36 -13.20 293.66 285.26 31.03 0.00
0.00 2548.18
698.40 -12.36 -13.67 -17.51 293.27 286.73 33.08 0.00
0.00 2971.17
655.90 -15.76 -17.37 -23.77 293.10 286.58 36.10 0.00
0.00 3447.66
610.60 -19.96 -21.52 -30.24 293.18 287.47 40.14 0.00
0.00 3982.70
562.80 -23.76 -25.34 -38.31 294.74 292.52 43.14 0.00
0.00 4582.48
516.50 -27.16 -28.71 -48.60 297.39 304.22 47.01 0.00
0.00 5204.99
474.80 -31.06 -32.22 -49.34 299.79 315.00 56.08 0.00
0.00 5806.39
437.50 -35.36 -36.12 -48.30 301.49 318.44 66.51 0.00
0.00 6381.08
404.00 -39.56 -40.13 -52.89 302.83 319.09 75.10 0.00
0.00 6930.72
373.60 -43.26 -43.67 -54.83 304.73 318.53 84.83 0.00
0.00 7461.42
346.30 -46.76 -47.03 -55.46 306.66 316.38 91.02 0.00
0.00 7968.19
321.70 -49.86 -50.06 -57.54 308.85 314.07 93.34 0.00
0.00 8453.18
299.60 -52.26 -52.43 -59.87 311.76 312.07 91.38 0.00
0.00 8915.89
279.70 -53.66 -53.83 -62.62 315.88 308.94 81.97 0.00
0.00 9358.91
261.80 -53.76 -53.94 -63.12 321.75 301.50 70.68 0.00
0.00 9783.75
245.20 -53.06 -53.30 -66.62 328.83 291.59 68.15 0.00
0.00 10205.12
230.20 -52.56 -52.84 -67.07 335.57 287.65 71.80 0.00
0.00 10612.28
216.40 -51.66 -52.00 -67.52 342.94 289.71 72.06 0.00
0.00 11012.29
202.70 -50.56 -51.00 -72.81 351.08 292.78 65.78 0.00
0.00 11437.39
188.90 -50.06 -50.56 -73.29 359.03 293.35 57.38 0.00
0.00 11897.33
175.20 -49.86 -50.43 -99.88 367.10 289.89 50.85 0.00
0.00 12389.23
161.40 -49.76 -50.38 -100.27 375.97 283.61 44.60 0.00
0.00 12925.60
147.70 -50.76 -51.37 -100.70 383.88 278.36 41.45 0.00
0.00 13504.35
134.00 -51.76 -52.36 -101.15 392.92 280.65 43.12 0.00
0.00 14136.63
120.20 -51.86 -52.51 -101.66 405.11 286.09 43.49 0.00
0.00 14840.81
106.50 -51.36 -52.13 -102.23 420.30 285.99 35.99 0.00
0.00 15625.58
92.70 -51.96 -52.78 -102.87 436.10 274.09 27.28 0.00
0.00 16525.35
79.90 -53.16 -53.98 -103.55 452.52 271.21 27.61 0.00
0.00 17484.86
69.70 -53.06 -54.00 -104.17 470.72 273.01 22.19 0.00
0.00 18364.56
61.40 -53.06 -54.11 -104.74 488.06 278.53 15.72 0.00
0.00 19181.43
53.60 -53.86 -54.95 -105.34 505.52 282.53 8.96 0.00
0.00 20055.14
46.40 -54.66 -55.79 -105.98 524.84 294.62 5.13 0.00
0.00 20979.42
39.60 -53.66 -55.10 -106.67 551.64 123.69 0.70 0.00
0.00 21995.28
33.40 -52.96 -54.72 -84.21 581.04 138.37 4.68 0.00
0.00 23091.05
27.50 -51.86 -54.17 -108.24 617.16 146.31 5.61 0.00
0.00 24347.00
22.10 -52.16 -54.82 -109.16 656.00 120.38 6.53 0.00
0.00 25762.14
17.00 -50.66 -54.32 -110.25 711.80 86.70 10.12 0.00
0.00 27465.13
12.30 -46.26 -52.50 -89.89 796.24 77.47 12.54 0.00
0.00 29593.63

STID = P53 STNM = 240 TIME = 140412/0200
SLAT = 46.42 SLON = -86.65 SELV = 236.00
STIM = 1

SHOW = 7.09 LIFT = 5.94 SWET = 102.78 KINX = 12.04
LCLP = 940.25 PWAT = 8.40 TOTL = 45.04 CAPE = 0.00
LCLT = 271.92 CINS = 0.00 EQLV = -9999.00 LFCT = -9999.00
BRCH = 0.00

PRES TMPC TMWC DWPC THTE DRCT SKNT OMEG
CFRL HGHT
985.50 2.44 1.19 -0.59 287.18 208.44 5.31 0.10
0.00 239.28
982.60 5.14 2.90 -0.05 290.70 216.71 14.31 0.20
0.00 263.22
977.20 8.04 4.43 -0.06 294.28 219.89 16.97 0.30
0.00 308.45
967.90 8.14 4.23 -0.69 294.81 232.62 17.61 0.10
0.00 387.36
954.20 7.74 3.70 -1.55 295.10 259.38 18.99 -0.20
0.00 504.92
936.60 6.74 2.71 -2.78 294.93 274.99 20.10 -0.50
0.00 658.04
915.50 5.04 1.34 -4.04 294.41 277.89 19.82 -0.60
0.00 844.53
892.50 3.04 -0.13 -4.99 294.03 276.71 19.96 -0.50
0.00 1051.36
867.60 0.94 -1.87 -6.52 293.46 274.90 20.48 -0.40
0.00 1279.65
839.70 -1.16 -4.25 -10.33 292.17 277.50 22.35 -0.30
0.00 1541.27
808.90 -3.36 -6.56 -13.98 291.57 281.31 27.75 -0.20
0.00 1837.93
775.20 -6.06 -8.12 -12.79 292.87 282.60 32.07 -0.10
0.00 2172.67
738.50 -9.16 -10.37 -13.25 293.57 284.52 33.33 0.00
0.00 2550.09
698.90 -12.16 -13.65 -18.11 293.23 286.21 34.82 0.10
0.00 2973.97
656.40 -15.36 -17.16 -24.43 293.34 286.59 38.13 0.20
0.00 3450.65
611.00 -18.66 -20.63 -31.78 294.41 287.70 42.85 0.30
0.00 3988.25
563.20 -21.76 -23.81 -40.96 296.84 294.66 47.05 0.40
0.00 4591.53
516.90 -25.46 -27.18 -45.30 299.52 306.13 54.39 0.40
0.00 5218.22
475.10 -29.66 -30.86 -44.76 301.68 312.55 67.55 0.40
0.00 5824.49
437.80 -34.06 -34.99 -50.05 303.01 312.25 77.47 0.20
0.00 6402.04
404.30 -38.36 -38.95 -49.83 304.43 309.27 85.37 0.10
0.00 6954.20
373.90 -42.56 -42.89 -49.67 305.77 307.77 91.72 0.00
0.00 7486.67
346.60 -46.36 -46.57 -52.06 307.24 308.71 96.66 -0.10
0.00 7994.25
322.00 -49.86 -50.03 -56.05 308.81 309.12 101.97 -0.10
0.00 8479.25
299.80 -53.06 -53.20 -59.87 310.57 308.74 105.92 -0.10
0.00 8942.84
279.90 -55.16 -55.29 -62.62 313.66 308.14 100.09 0.00
0.00 9383.24
262.00 -54.96 -55.13 -66.13 319.88 304.03 81.62 0.00
0.00 9805.16
245.40 -54.56 -54.76 -66.61 326.51 294.70 69.32 0.10
0.00 10223.61
230.40 -54.26 -54.48 -67.07 332.90 289.89 70.28 0.10
0.00 10627.48
216.60 -52.96 -53.24 -67.51 340.83 293.12 70.80 0.10
0.00 11024.41
202.90 -50.86 -51.28 -72.81 350.51 297.97 63.83 0.10
0.00 11447.57
189.10 -49.66 -50.18 -73.28 359.56 297.96 53.48 0.10
0.00 11907.15
175.30 -49.76 -50.33 -99.88 367.20 290.34 48.09 0.10
0.00 12402.79
161.60 -49.86 -50.47 -100.27 375.66 282.68 47.82 0.10
0.00 12934.80
147.80 -50.16 -50.80 -100.69 384.84 279.00 47.23 0.10
0.00 13517.86
134.10 -51.16 -51.79 -101.15 393.90 279.30 45.70 0.00
0.00 14151.40
120.30 -52.16 -52.79 -101.66 404.47 283.79 44.03 0.00
0.00 14855.50
106.60 -52.06 -52.77 -102.22 418.86 285.66 38.15 0.00
0.00 15637.81
92.80 -52.26 -53.05 -102.86 435.37 272.86 27.25 0.00
0.00 16534.65
80.00 -53.96 -54.71 -103.54 450.71 273.73 26.88 0.00
0.00 17490.65
69.80 -53.66 -54.54 -104.16 469.24 281.84 24.63 0.00
0.00 18366.38
61.40 -53.66 -54.64 -104.74 486.73 283.86 15.42 0.00
0.00 19190.23
53.70 -54.86 -55.83 -105.33 502.94 295.60 10.35 0.00
0.00 20048.82
46.40 -55.56 -56.59 -105.98 522.68 303.23 6.74 0.00
0.00 20980.98
39.70 -54.56 -55.87 -106.66 548.98 355.91 2.73 0.00
0.00 21976.56
33.40 -53.46 -55.13 -84.21 579.72 108.43 2.46 0.00
0.00 23085.02
27.60 -51.76 -54.09 -108.22 616.80 128.66 3.73 0.00
0.00 24316.40
22.10 -51.56 -54.37 -109.16 657.78 102.53 7.17 0.00
0.00 25757.31
17.00 -49.16 -53.30 -110.25 716.60 91.53 14.58 0.00
0.00 27468.36
12.30 -45.56 -52.10 -89.89 798.70 88.25 19.06 0.00
0.00 29607.29

STID = P53 STNM = 240 TIME = 140412/0300
SLAT = 46.42 SLON = -86.65 SELV = 236.00
STIM = 2

SHOW = 8.37 LIFT = 7.24 SWET = 109.14 KINX = 10.79
LCLP = 950.86 PWAT = 8.76 TOTL = 42.82 CAPE = 0.00
LCLT = 272.19 CINS = 0.00 EQLV = -9999.00 LFCT = -9999.00
BRCH = 0.00

PRES TMPC TMWC DWPC THTE DRCT SKNT OMEG
CFRL HGHT
985.70 1.84 0.90 -0.48 286.61 218.66 4.98 0.10
0.00 239.27
982.70 3.74 2.16 0.02 289.26 225.00 15.12 0.20
0.00 263.95
977.40 6.84 4.00 0.46 293.40 227.56 18.44 0.20
0.00 308.13
968.10 7.74 4.31 0.09 294.97 238.57 20.50 0.00
0.00 386.81
954.30 7.44 3.85 -0.67 295.44 263.54 20.74 -0.30
0.00 505.08
936.70 6.44 2.86 -1.88 295.24 283.63 19.80 -0.50
0.00 658.04
915.60 4.84 1.38 -3.58 294.49 289.73 19.00 -0.50
0.00 844.36
892.60 2.94 -0.19 -4.99 293.92 289.89 19.43 -0.50
0.00 1051.06
867.70 0.74 -1.71 -5.63 293.77 284.44 20.27 -0.40
0.00 1279.21
839.80 -1.56 -4.36 -9.79 291.98 284.90 21.92 -0.20
0.00 1540.54
809.00 -3.76 -6.77 -13.75 291.21 288.03 26.37 0.10
0.00 1836.74
775.30 -6.36 -7.83 -10.92 293.39 287.87 31.04 0.50
0.00 2171.03
738.60 -9.36 -10.34 -12.61 293.62 288.43 33.81 0.80
0.00 2548.09
699.00 -12.26 -13.81 -18.57 292.96 288.53 36.08 0.90
0.00 2971.68
656.50 -15.16 -17.08 -24.99 293.43 287.82 40.02 0.80
0.00 3448.36
611.10 -17.46 -19.78 -33.03 295.63 289.69 45.01 0.70
0.00 3987.33
563.30 -20.06 -22.52 -43.18 298.70 298.11 51.57 0.40
0.00 4593.95
516.90 -24.06 -25.88 -41.77 301.42 306.69 62.79 0.20
0.00 5225.85
475.20 -28.56 -29.95 -46.06 302.96 304.59 72.25 0.00
0.00 5833.68
437.90 -32.96 -33.87 -45.50 304.60 299.56 81.56 -0.10
0.00 6413.74
404.30 -37.36 -37.94 -46.85 305.88 299.82 88.72 -0.20
0.00 6969.96
373.90 -41.66 -42.04 -49.67 306.96 300.82 93.71 -0.40
0.00 7504.62
346.60 -45.76 -46.00 -52.06 308.05 300.59 97.78 -0.40
0.00 8013.86
322.00 -49.76 -49.91 -54.79 308.98 300.62 100.74 -0.40
0.00 8499.61
299.90 -53.56 -53.66 -58.10 309.88 301.40 104.08 -0.20
0.00 8960.63
280.00 -56.76 -56.85 -62.62 311.32 302.19 104.73 -0.10
0.00 9398.77
262.10 -57.36 -57.48 -66.13 316.33 301.12 95.14 0.00
0.00 9816.66
245.40 -56.16 -56.32 -66.61 324.12 296.20 81.45 0.00
0.00 10233.70
230.40 -55.26 -55.45 -67.07 331.38 293.06 75.42 0.10
0.00 10635.16
216.60 -52.56 -52.86 -67.51 341.45 295.44 70.60 0.10
0.00 11031.56
202.90 -49.56 -50.05 -72.81 352.56 298.25 62.01 0.10
0.00 11456.34
189.10 -48.66 -49.24 -73.28 361.17 296.10 53.46 0.00
0.00 11918.29
175.40 -49.46 -50.03 -73.79 367.69 289.76 50.60 0.00
0.00 12411.63
161.60 -50.96 -51.51 -100.27 373.81 285.79 50.70 0.00
0.00 12946.41
147.90 -51.56 -52.12 -100.69 382.35 285.06 50.12 0.00
0.00 13521.81
134.10 -51.66 -52.26 -101.15 393.01 285.34 47.77 0.00
0.00 14157.03
120.30 -52.36 -52.98 -101.66 404.10 286.09 43.49 0.00
0.00 14860.02
106.60 -52.86 -53.51 -102.22 417.34 286.81 36.96 0.00
0.00 15640.56
92.80 -52.76 -53.51 -102.86 434.38 276.58 25.44 0.00
0.00 16534.76
80.00 -54.26 -54.99 -103.54 450.10 273.85 23.18 0.00
0.00 17489.02
69.80 -53.96 -54.81 -104.16 468.60 289.38 22.25 0.00
0.00 18363.56
61.40 -53.36 -54.38 -104.74 487.40 291.96 12.99 0.00
0.00 19187.41
53.70 -54.96 -55.92 -105.33 502.71 297.15 8.52 0.00
0.00 20046.39
46.40 -54.96 -56.06 -105.98 524.12 311.01 5.92 0.00
0.00 20979.62
39.70 -54.36 -55.70 -106.66 549.48 32.91 3.94 0.00
0.00 21977.03
33.40 -53.06 -54.80 -84.21 580.78 94.09 2.73 0.00
0.00 23087.00
27.60 -51.46 -53.85 -108.22 617.63 90.00 2.53 0.00
0.00 24320.34
22.10 -51.26 -54.14 -109.16 658.67 86.31 6.04 0.00
0.00 25763.20
17.00 -48.56 -52.90 -110.25 718.52 91.85 12.06 0.00
0.00 27477.71
12.30 -45.56 -52.10 -89.89 798.70 87.21 15.96 0.00
0.00 29619.48

STID = P53 STNM = 240 TIME = 140412/0400
SLAT = 46.42 SLON = -86.65 SELV = 236.00
STIM = 3

SHOW = 9.93 LIFT = 8.93 SWET = 102.06 KINX = 7.91
LCLP = 956.03 PWAT = 8.46 TOTL = 39.11 CAPE = 0.00
LCLT = 271.93 CINS = 0.00 EQLV = -9999.00 LFCT = -9999.00
BRCH = 0.00

PRES TMPC TMWC DWPC THTE DRCT SKNT OMEG
CFRL HGHT
985.50 1.14 0.36 -0.81 285.65 230.71 5.53 0.10
0.00 239.26
982.50 3.04 1.74 -0.05 288.49 237.31 15.47 0.10
0.00 263.88
977.20 6.34 3.82 0.70 293.08 240.26 18.81 0.10
0.00 307.98
967.80 7.44 4.24 0.33 294.87 249.57 21.16 -0.20
0.00 387.41
954.10 6.84 3.34 -1.22 294.40 271.09 20.41 -0.50
0.00 504.66
936.50 5.64 1.94 -3.32 293.41 292.23 19.53 -0.80
0.00 657.25
915.40 4.04 0.14 -6.16 292.08 300.04 18.64 -0.80
0.00 843.02
892.50 2.34 -1.53 -8.44 291.36 297.93 18.26 -0.50
0.00 1048.26
867.50 0.34 -3.01 -9.32 291.34 288.24 18.01 -0.20
0.00 1276.86
839.70 -1.66 -4.89 -11.67 291.03 283.24 20.37 0.10
0.00 1536.98
808.90 -3.76 -5.55 -8.93 293.41 286.24 25.71 0.30
0.00 1833.19
775.10 -6.26 -7.37 -9.58 294.20 291.14 31.26 0.30
0.00 2168.71
738.50 -9.16 -10.48 -13.65 293.39 293.57 34.99 0.20
0.00 2545.03
698.90 -12.16 -13.63 -18.02 293.26 293.24 37.44 0.10
0.00 2968.92
656.40 -14.06 -16.26 -25.00 294.70 290.83 42.63 0.10
0.00 3446.78
611.00 -15.86 -18.82 -37.51 297.03 290.66 49.03 0.10
0.00 3988.65
563.20 -19.26 -21.84 -42.01 299.73 295.63 53.47 0.10
0.00 4598.20
516.80 -23.66 -25.53 -41.29 301.96 300.42 59.51 0.10
0.00 5231.73
475.10 -28.06 -29.44 -43.60 303.73 297.43 68.77 0.00
0.00 5840.81
437.80 -32.36 -33.15 -41.53 305.66 295.01 76.79 -0.10
0.00 6422.34
404.20 -36.96 -37.34 -41.88 306.77 293.16 80.55 -0.30
0.00 6979.88
373.90 -41.76 -41.94 -44.78 307.12 294.51 82.46 -0.30
0.00 7513.22
346.50 -46.26 -46.38 -48.88 307.54 298.29 83.66 -0.20
0.00 8023.75
322.00 -49.86 -49.98 -53.67 308.88 300.41 86.78 0.00
0.00 8506.96
299.80 -52.76 -52.91 -59.87 311.00 298.37 93.67 0.10
0.00 8970.87
279.90 -55.96 -56.07 -62.62 312.51 296.31 98.23 0.00
0.00 9410.77
262.00 -58.26 -58.36 -66.13 315.05 295.79 96.07 0.00
0.00 9828.72
245.40 -58.36 -58.47 -66.61 320.84 294.72 89.24 -0.10
0.00 10240.37
230.40 -56.36 -56.52 -67.07 329.71 293.07 81.34 -0.10
0.00 10638.79
216.60 -53.36 -53.63 -67.51 340.21 293.63 74.68 0.00
0.00 11033.47
202.90 -50.96 -51.35 -67.98 350.40 296.42 67.28 0.00
0.00 11456.15
189.10 -50.16 -50.65 -73.28 358.76 297.51 58.08 0.00
0.00 11915.11
175.30 -50.66 -51.16 -73.79 365.78 295.22 52.00 0.00
0.00 12409.20
161.60 -51.36 -51.86 -74.33 373.19 291.67 48.95 0.00
0.00 12938.35
147.80 -51.76 -52.30 -100.69 382.08 286.52 47.85 0.00
0.00 13517.37
134.10 -52.46 -53.01 -101.15 391.59 285.46 47.39 0.00
0.00 14146.77
120.30 -53.16 -53.72 -101.66 402.64 285.66 43.20 0.00
0.00 14847.22
106.60 -53.46 -54.07 -102.22 416.21 283.22 36.54 0.00
0.00 15625.28
92.80 -53.26 -53.97 -102.86 433.40 273.81 26.30 0.00
0.00 16517.25
80.00 -53.96 -54.71 -103.54 450.71 267.53 22.57 0.00
0.00 17471.08
69.80 -53.66 -54.54 -104.16 469.24 284.83 20.51 0.00
0.00 18346.81
61.40 -52.86 -53.93 -104.74 488.51 275.62 11.91 0.00
0.00 19172.16
53.70 -54.36 -55.39 -105.33 504.10 263.21 8.22 0.00
0.00 20033.30
46.40 -54.26 -55.44 -105.98 525.80 302.91 3.94 0.00
0.00 20969.31
39.70 -53.56 -55.01 -106.66 551.49 87.14 3.89 0.00
0.00 21970.15
33.40 -51.76 -53.74 -84.21 584.21 126.87 4.86 0.00
0.00 23085.43
27.60 -50.46 -53.08 -108.22 620.42 93.47 6.43 0.00
0.00 24325.19
22.10 -50.76 -53.77 -109.16 660.16 91.25 8.94 0.00
0.00 25772.93
17.00 -48.76 -53.03 -110.25 717.88 87.92 10.70 0.00
0.00 27488.59
12.30 -45.76 -52.21 -89.89 798.00 70.88 15.43 0.00
0.00 29628.46

STID = P53 STNM = 240 TIME = 140412/0500
SLAT = 46.42 SLON = -86.65 SELV = 236.00
STIM = 4

SHOW = 8.64 LIFT = 10.78 SWET = 98.65 KINX = 12.68
LCLP = 962.69 PWAT = 8.65 TOTL = 42.29 CAPE = 0.00
LCLT = 271.50 CINS = 0.00 EQLV = -9999.00 LFCT = -9999.00
BRCH = 0.00

PRES TMPC TMWC DWPC THTE DRCT SKNT OMEG
CFRL HGHT
987.80 0.34 -0.30 -1.31 284.25 253.07 4.67 0.00
0.00 239.24
984.80 2.24 1.09 -0.56 287.05 262.30 14.51 -0.10
0.00 263.73
979.40 4.94 2.81 0.01 290.84 267.43 17.32 -0.20
0.00 308.38
970.10 5.34 2.55 -1.25 291.22 279.57 17.54 -0.30
0.00 386.28
956.40 4.94 1.61 -3.29 290.74 297.53 15.56 -0.40
0.00 502.38
938.70 4.54 0.47 -6.18 290.31 299.65 14.54 -0.30
0.00 654.60
917.60 3.64 -0.90 -9.27 289.86 289.09 16.04 -0.20
0.00 839.36
894.60 2.34 -2.05 -10.61 290.14 277.35 18.23 -0.10
0.00 1044.80
869.60 0.74 -2.85 -9.65 291.40 276.52 20.54 0.00
0.00 1272.99
841.70 -1.26 -3.48 -7.35 293.39 282.63 23.11 0.10
0.00 1533.85
810.80 -3.66 -4.86 -6.97 294.42 289.35 26.99 0.20
0.00 1830.71
777.00 -6.36 -7.12 -8.58 294.42 292.32 31.73 0.40
0.00 2165.48
740.20 -9.46 -10.02 -11.26 293.95 291.44 34.04 0.40
0.00 2542.74
700.50 -12.26 -13.33 -16.33 293.54 290.66 36.36 0.40
0.00 2966.47
657.90 -13.86 -16.33 -26.83 294.36 290.12 41.82 0.30
0.00 3444.47
612.40 -15.46 -18.62 -40.16 297.10 289.70 47.28 0.20
0.00 3986.89
564.50 -19.16 -21.68 -39.98 299.79 291.42 48.44 -0.10
0.00 4596.92
518.00 -23.66 -25.48 -40.35 301.82 296.47 50.59 -0.40
0.00 5230.48
476.20 -27.96 -29.06 -38.16 304.11 295.46 58.78 -0.50
0.00 5839.76
438.80 -32.16 -32.68 -37.17 306.16 289.91 66.78 -0.50
0.00 6421.91
405.20 -36.76 -37.15 -41.86 306.81 288.73 72.66 -0.30
0.00 6978.62
374.70 -41.36 -41.67 -46.91 307.32 288.85 77.02 -0.20
0.00 7514.93
347.30 -45.66 -45.86 -50.32 308.08 289.87 78.34 -0.20
0.00 8025.43
322.70 -49.36 -49.47 -52.66 309.42 290.93 80.54 -0.10
0.00 8510.70
300.50 -52.46 -52.57 -56.61 311.29 291.50 88.58 -0.10
0.00 8974.41
280.50 -55.86 -55.95 -60.39 312.50 291.31 96.81 -0.10
0.00 9415.94
262.60 -58.66 -58.73 -63.10 314.29 292.27 96.41 -0.10
0.00 9832.68
245.90 -59.36 -59.43 -63.60 319.20 293.88 87.37 -0.10
0.00 10244.57
230.90 -57.66 -57.79 -67.05 327.53 294.36 79.16 -0.10
0.00 10640.04
217.10 -54.16 -54.40 -67.50 338.75 295.33 72.69 0.00
0.00 11031.94
203.30 -51.36 -51.76 -72.79 349.53 298.07 66.09 0.00
0.00 11455.64
189.50 -50.36 -50.84 -73.27 358.22 299.89 58.51 0.10
0.00 11913.05
175.70 -50.36 -50.87 -73.78 366.03 297.15 51.12 0.10
0.00 12406.16
161.90 -50.76 -51.29 -74.32 374.01 289.98 47.78 0.10
0.00 12939.15
148.10 -51.26 -51.83 -100.68 382.72 283.58 47.19 0.00
0.00 13518.48
134.40 -52.06 -52.63 -101.14 392.05 281.04 47.73 0.00
0.00 14147.83
120.60 -53.06 -53.63 -101.65 402.54 282.96 45.08 0.00
0.00 14847.41
106.80 -53.26 -53.88 -102.21 416.36 283.11 37.72 0.00
0.00 15629.98
93.00 -52.76 -53.51 -102.85 434.12 273.97 28.06 0.00
0.00 16521.57
80.20 -53.36 -54.16 -103.53 451.62 263.47 25.63 -0.10
0.00 17475.57
69.90 -54.46 -55.26 -104.15 467.34 279.62 23.26 -0.10
0.00 18357.74
61.50 -54.26 -55.18 -104.73 485.18 280.01 16.78 0.00
0.00 19177.71
53.80 -55.16 -56.10 -105.32 501.99 281.11 11.09 0.00
0.00 20033.04
46.50 -54.66 -55.79 -105.97 524.52 334.98 6.44 0.00
0.00 20964.62
39.70 -53.76 -55.18 -106.66 550.99 112.83 4.01 0.00
0.00 21977.88
33.50 -51.96 -53.92 -107.40 583.09 141.34 4.98 0.00
0.00 23072.87
27.60 -50.96 -53.46 -108.22 619.03 105.75 7.88 0.00
0.00 24330.08
22.10 -51.76 -54.52 -109.16 657.19 101.94 10.33 0.00
0.00 25772.93
17.00 -49.56 -53.55 -88.09 715.43 82.87 10.97 0.00
0.00 27481.69
12.30 -45.76 -52.21 -89.89 798.00 83.99 18.57 0.00
0.00 29617.78

STID = P53 STNM = 240 TIME = 140412/0600
SLAT = 46.42 SLON = -86.65 SELV = 236.00
STIM = 5

SHOW = 7.55 LIFT = 11.22 SWET = 87.72 KINX = 9.03
LCLP = 965.08 PWAT = 8.44 TOTL = 44.96 CAPE = 0.00
LCLT = 269.86 CINS = 0.00 EQLV = -9999.00 LFCT = -9999.00
BRCH = 0.00

PRES TMPC TMWC DWPC THTE DRCT SKNT OMEG
CFRL HGHT
988.30 -1.46 -2.01 -2.98 281.25 316.97 3.99 -0.10
0.00 239.22
985.30 -0.06 -1.06 -2.72 283.14 317.86 11.01 -0.20
0.00 263.51
979.90 0.94 -0.46 -2.71 284.69 329.81 12.37 -0.30
0.00 307.61
970.60 2.34 0.35 -2.71 287.02 358.45 14.39 -0.30
0.00 384.46
956.90 3.54 0.57 -4.07 288.73 351.75 13.55 -0.20
0.00 499.57
939.20 3.64 -0.10 -6.38 289.21 321.07 12.99 -0.10
0.00 651.06
918.10 2.84 -1.00 -7.80 289.67 299.65 14.54 -0.10
0.00 835.17
895.10 1.74 -1.88 -8.46 290.45 285.14 17.12 0.00
0.00 1040.02
870.10 0.24 -2.35 -6.77 292.30 281.98 19.67 0.10
0.00 1267.68
842.10 -1.56 -3.30 -6.20 293.69 283.79 22.02 0.20
0.00 1529.02
811.20 -3.66 -5.00 -7.39 294.13 287.13 27.05 0.30
0.00 1825.58
777.30 -6.26 -7.34 -9.49 293.99 286.90 32.10 0.40
0.00 2161.23
740.60 -9.06 -10.31 -13.29 293.41 287.73 35.10 0.50
0.00 2537.59
700.90 -11.36 -13.59 -20.97 293.03 290.18 38.31 0.40
0.00 2962.03
658.30 -13.06 -16.33 -33.98 294.20 290.19 42.25 0.30
0.00 3441.19
612.80 -15.36 -18.56 -40.67 297.12 285.47 45.18 0.20
0.00 3984.15
564.80 -19.36 -21.75 -38.28 299.64 281.55 45.63 0.10
0.00 4594.97
518.30 -24.26 -25.83 -37.66 301.29 283.60 43.80 0.10
0.00 5227.20
476.50 -28.76 -29.48 -34.80 303.46 286.93 46.73 -0.10
0.00 5834.42
439.10 -32.76 -33.01 -34.93 305.64 284.64 53.84 -0.20
0.00 6414.56
405.40 -36.96 -37.17 -39.41 306.75 283.90 61.48 -0.20
0.00 6971.69
374.90 -40.96 -41.15 -43.84 308.02 286.37 71.72 -0.20
0.00 7507.97
347.50 -44.86 -45.05 -48.85 309.19 288.74 81.08 -0.10
0.00 8019.53
322.90 -48.86 -49.04 -54.76 309.98 289.27 84.84 -0.10
0.00 8505.91
300.60 -52.66 -52.79 -58.08 310.94 286.85 86.52 0.00
0.00 8971.80
280.70 -56.06 -56.14 -60.38 312.15 286.33 88.51 -0.10
0.00 9410.49
262.70 -58.56 -58.63 -63.10 314.41 289.95 88.30 -0.10
0.00 9829.23
246.10 -59.06 -59.13 -63.59 319.57 293.55 82.70 -0.10
0.00 10238.79
231.00 -57.16 -57.31 -67.05 328.25 293.72 75.37 0.00
0.00 10637.39
217.20 -53.66 -53.92 -67.49 339.48 294.39 68.72 0.10
0.00 11030.01
203.40 -51.16 -51.57 -72.79 349.79 295.29 62.34 0.10
0.00 11454.19
189.60 -50.06 -50.55 -73.27 358.65 293.90 56.13 0.00
0.00 11911.87
175.80 -50.06 -50.59 -73.77 366.47 289.40 50.90 0.00
0.00 12405.38
162.00 -50.86 -51.39 -74.32 373.77 281.98 48.68 -0.10
0.00 12938.30
148.20 -52.06 -52.56 -74.91 381.32 278.45 48.93 -0.10
0.00 13516.08
134.40 -53.16 -53.67 -101.14 390.10 280.82 48.68 0.00
0.00 14147.09
120.60 -53.46 -54.01 -101.65 401.80 287.12 45.56 0.00
0.00 14844.30
106.80 -52.76 -53.42 -102.21 417.31 287.77 36.94 0.00
0.00 15627.04
93.00 -52.86 -53.60 -102.85 433.92 273.48 28.82 0.00
0.00 16519.44
80.20 -54.36 -55.08 -103.53 449.57 268.08 28.98 0.00
0.00 17471.06
69.90 -55.16 -55.90 -104.15 465.85 290.46 26.14 0.00
0.00 18349.81
61.60 -54.26 -55.18 -104.72 484.95 294.39 18.36 0.00
0.00 19158.08
53.80 -54.06 -55.12 -105.32 504.52 289.57 9.28 0.00
0.00 20025.98
46.50 -55.06 -56.14 -105.97 523.56 329.53 3.83 0.00
0.00 20959.04
39.80 -54.46 -55.78 -106.65 548.84 185.91 5.67 0.00
0.00 21953.68
33.50 -53.06 -54.82 -107.40 580.19 192.53 1.79 0.00
0.00 23060.36
27.60 -52.06 -54.32 -108.22 615.96 103.63 6.60 0.00
0.00 24311.32
22.10 -52.26 -54.90 -109.16 655.70 95.71 9.77 0.00
0.00 25748.98
17.00 -49.76 -53.69 -88.09 714.79 89.09 12.25 0.00
0.00 27455.04
12.30 -46.26 -52.50 -89.89 796.24 95.57 16.01 0.00
0.00 29587.82

STID = P53 STNM = 240 TIME = 140412/0700
SLAT = 46.42 SLON = -86.65 SELV = 236.00
STIM = 6

SHOW = 7.90 LIFT = 11.89 SWET = 87.70 KINX = -0.02
LCLP = 967.17 PWAT = 8.87 TOTL = 44.14 CAPE = 0.00
LCLT = 268.82 CINS = 0.00 EQLV = -9999.00 LFCT = -9999.00
BRCH = 0.00

PRES TMPC TMWC DWPC THTE DRCT SKNT OMEG
CFRL HGHT
988.50 -2.66 -3.14 -4.05 279.35 339.78 3.94 -0.10
0.00 238.41
985.50 -2.06 -2.63 -3.68 280.46 1.30 8.55 -0.20
0.00 262.54
980.10 -1.16 -1.79 -2.88 282.37 19.77 13.22 -0.30
0.00 306.30
970.80 1.04 -0.15 -1.98 286.12 35.81 18.94 -0.30
0.00 382.66
957.00 2.34 0.31 -2.78 288.27 20.64 15.99 -0.20
0.00 498.08
939.40 2.54 -0.41 -5.24 288.66 352.57 13.53 0.00
0.00 648.10
918.30 1.94 -1.16 -6.47 289.39 321.20 12.72 0.20
0.00 831.53
895.20 1.34 -1.56 -6.45 291.07 295.62 15.74 0.20
0.00 1036.78
870.20 0.24 -2.13 -6.05 292.71 288.25 19.24 0.20
0.00 1264.29
842.20 -1.36 -3.44 -7.05 293.39 288.74 22.99 0.20
0.00 1525.69
811.30 -3.36 -5.26 -8.84 293.63 288.69 27.91 0.10
0.00 1822.45
777.50 -5.86 -7.82 -12.10 293.13 291.48 32.38 0.00
0.00 2157.40
740.70 -8.36 -11.02 -18.85 292.17 296.98 36.42 0.00
0.00 2535.37
701.10 -10.56 -13.95 -28.77 292.31 299.03 40.46 0.10
0.00 2959.70
658.50 -12.56 -15.90 -33.08 294.84 293.13 43.54 0.20
0.00 3439.84
613.00 -15.46 -17.59 -26.34 298.77 280.88 45.33 0.20
0.00 3983.15
565.00 -19.66 -20.44 -23.42 301.76 274.05 44.04 0.20
0.00 4593.53
518.40 -24.06 -24.54 -26.76 303.27 271.55 43.17 0.00
0.00 5227.08
476.60 -28.36 -28.75 -31.13 304.53 271.49 44.72 -0.10
0.00 5835.05
439.10 -32.86 -33.19 -35.87 305.38 273.55 47.13 0.00
0.00 6417.05
405.40 -37.16 -37.42 -40.39 306.39 278.79 54.68 0.00
0.00 6973.82
374.90 -41.06 -41.29 -44.76 307.81 280.04 63.56 0.10
0.00 7509.75
347.50 -45.16 -45.33 -48.85 308.78 280.25 69.93 0.10
0.00 8020.86
322.90 -49.46 -49.57 -52.66 309.23 280.11 73.06 0.10
0.00 8506.29
300.70 -53.26 -53.35 -56.61 310.10 280.41 77.47 0.10
0.00 8968.76
280.70 -56.26 -56.34 -60.38 311.86 282.17 83.91 0.10
0.00 9408.77
262.80 -57.86 -57.94 -63.10 315.40 287.95 86.43 0.00
0.00 9825.59
246.10 -57.96 -58.08 -66.59 321.17 292.39 81.15 0.00
0.00 10239.27
231.00 -56.16 -56.33 -67.05 329.77 291.89 72.48 0.00
0.00 10639.81
217.20 -53.46 -53.73 -67.49 339.79 290.28 65.07 0.00
0.00 11033.52
203.40 -51.56 -51.95 -72.79 349.16 290.32 59.90 0.00
0.00 11457.50
189.60 -50.76 -51.22 -73.27 357.52 289.20 55.57 0.00
0.00 11914.06
175.80 -51.06 -51.53 -73.77 364.82 286.29 52.65 0.00
0.00 12405.68
162.00 -51.96 -52.42 -74.32 371.92 283.72 50.82 0.00
0.00 12936.09
148.20 -52.66 -53.13 -74.91 380.29 281.92 49.87 0.00
0.00 13511.65
134.40 -53.06 -53.58 -101.14 390.28 281.94 48.87 0.10
0.00 14141.95
120.60 -53.16 -53.72 -101.65 402.35 284.51 45.78 0.10
0.00 14839.79
106.80 -52.96 -53.60 -102.21 416.93 285.59 38.34 0.00
0.00 15622.71
93.00 -53.36 -54.06 -102.85 432.94 276.01 29.71 0.00
0.00 16513.70
80.20 -54.96 -55.63 -103.53 448.34 273.97 28.06 0.00
0.00 17462.93
70.00 -54.76 -55.54 -104.15 466.51 293.01 23.86 0.00
0.00 18332.14
61.60 -53.86 -54.82 -104.72 485.84 292.25 13.86 0.00
0.00 19151.05
53.80 -54.06 -55.12 -105.32 504.52 266.82 7.01 0.00
0.00 20019.74
46.50 -55.26 -56.32 -105.97 523.08 243.43 1.74 0.00
0.00 20952.38
39.80 -54.26 -55.61 -106.65 549.34 207.30 6.78 0.00
0.00 21947.02
33.50 -52.86 -54.65 -107.40 580.72 225.00 1.92 0.00
0.00 23054.70
27.60 -51.76 -54.09 -108.22 616.80 145.84 6.58 0.00
0.00 24307.08
22.10 -51.46 -54.29 -109.16 658.08 125.10 8.79 0.00
0.00 25748.32
17.10 -50.56 -54.22 -88.06 711.04 123.96 11.48 0.00
0.00 27416.24
12.30 -47.46 -53.21 -89.89 792.03 87.04 11.29 0.00
0.00 29578.03

STID = P53 STNM = 240 TIME = 140412/0800
SLAT = 46.42 SLON = -86.65 SELV = 236.00
STIM = 7

SHOW = 8.66 LIFT = 12.56 SWET = 83.98 KINX = 4.69
LCLP = 973.62 PWAT = 9.15 TOTL = 42.49 CAPE = 0.00
LCLT = 269.00 CINS = 0.00 EQLV = -9999.00 LFCT = -9999.00
BRCH = 0.00

PRES TMPC TMWC DWPC THTE DRCT SKNT OMEG
CFRL HGHT
988.90 -2.96 -3.30 -3.95 279.06 337.62 3.57 0.00
0.00 238.40
985.90 -2.36 -2.79 -3.58 280.16 34.05 8.68 -0.10
0.00 262.50
980.50 -1.16 -1.74 -2.74 282.41 45.00 15.94 -0.20
0.00 306.21
971.20 0.94 -0.22 -2.01 285.95 49.46 21.23 -0.10
0.00 382.54
957.40 1.64 -0.13 -2.85 287.44 46.61 19.53 0.00
0.00 497.74
939.80 1.64 -0.71 -4.53 288.09 16.06 13.35 0.20
0.00 647.26
918.60 1.24 -1.49 -6.17 288.79 336.04 11.49 0.40
0.00 830.97
895.60 0.94 -1.70 -6.15 290.77 302.35 13.81 0.60
0.00 1034.85
870.50 0.14 -2.35 -6.57 292.27 292.62 17.69 0.60
0.00 1262.96
842.60 -1.36 -3.78 -8.15 292.74 289.29 20.59 0.50
0.00 1523.25
811.60 -3.36 -5.81 -10.82 292.61 288.87 24.03 0.30
0.00 1820.79
777.80 -5.76 -8.52 -15.47 291.85 293.81 28.89 0.10
0.00 2155.60
741.10 -8.16 -11.30 -21.50 291.63 299.27 34.98 0.00
0.00 2532.50
701.40 -10.56 -13.30 -22.89 293.38 300.30 40.07 0.00
0.00 2957.87
658.80 -12.86 -14.92 -21.90 296.49 290.90 41.41 0.00
0.00 3437.67
613.20 -15.86 -17.13 -21.44 299.51 275.60 41.80 0.10
0.00 3981.40
565.20 -19.86 -20.52 -22.98 301.61 268.50 44.53 0.00
0.00 4590.94
518.60 -23.76 -24.21 -26.24 303.73 271.27 43.94 0.00
0.00 5224.39
476.70 -27.96 -28.37 -30.78 305.08 271.74 44.92 0.00
0.00 5834.51
439.30 -32.36 -32.70 -35.39 306.04 271.78 49.98 0.10
0.00 6415.86
405.60 -36.76 -37.04 -40.05 306.90 274.81 55.59 0.10
0.00 6973.42
375.10 -41.26 -41.48 -44.75 307.50 280.51 59.70 0.10
0.00 7509.30
347.70 -45.56 -45.71 -48.85 308.19 283.13 62.47 0.10
0.00 8019.47
323.00 -49.56 -49.67 -52.66 309.06 280.47 65.23 0.10
0.00 8506.10
300.80 -53.16 -53.25 -56.61 310.21 278.26 73.07 0.10
0.00 8968.43
280.80 -55.96 -56.02 -58.62 312.30 283.51 82.36 0.00
0.00 9408.69
262.90 -57.86 -57.92 -60.89 315.40 289.48 84.53 0.00
0.00 9825.65
246.20 -57.36 -57.49 -66.59 322.03 292.51 81.22 0.00
0.00 10239.75
231.10 -55.16 -55.38 -71.92 331.20 292.49 74.69 0.00
0.00 10641.60
217.30 -53.06 -53.36 -72.34 340.32 289.90 65.12 0.00
0.00 11036.39
203.50 -51.46 -51.85 -72.79 349.27 286.88 58.91 0.00
0.00 11460.65
189.70 -50.76 -51.22 -73.26 357.47 286.11 56.04 0.00
0.00 11917.08
175.90 -51.16 -51.63 -73.77 364.60 285.09 53.75 0.00
0.00 12408.32
162.10 -52.16 -52.61 -74.31 371.52 283.57 52.19 0.00
0.00 12938.05
148.30 -52.66 -53.13 -74.90 380.21 283.09 51.49 0.00
0.00 13512.99
134.50 -52.66 -53.17 -75.55 390.96 283.59 48.80 0.10
0.00 14143.41
120.70 -52.96 -53.54 -101.65 402.62 285.12 44.70 0.10
0.00 14841.66
106.90 -53.16 -53.79 -102.21 416.44 285.90 37.59 0.00
0.00 15623.89
93.10 -53.26 -53.97 -102.85 433.00 278.63 28.51 0.00
0.00 16513.78
80.30 -54.46 -55.17 -103.53 449.20 275.01 26.73 0.00
0.00 17463.21
70.00 -53.46 -54.35 -104.15 469.29 290.25 21.34 0.00
0.00 18344.00
61.60 -52.86 -53.93 -104.72 488.06 273.24 10.32 0.00
0.00 19167.21
53.80 -54.06 -55.12 -105.32 504.52 257.32 7.97 0.00
0.00 20037.88
46.50 -55.36 -56.41 -105.97 522.84 250.02 4.55 0.00
0.00 20970.31
39.80 -54.36 -55.69 -106.65 549.09 263.52 8.61 0.00
0.00 21964.50
33.50 -52.46 -54.32 -107.40 581.78 320.53 4.28 0.00
0.00 23072.93
27.60 -51.56 -53.93 -108.22 617.36 143.13 3.89 0.00
0.00 24327.02
22.10 -52.36 -54.97 -109.16 655.41 119.25 5.57 0.00
0.00 25765.97
17.00 -52.06 -55.30 -88.09 707.44 104.42 7.02 0.00
0.00 27462.82
12.30 -48.06 -53.57 -89.89 789.92 68.60 15.45 0.00
0.00 29576.18

STID = P53 STNM = 240 TIME = 140412/0900
SLAT = 46.42 SLON = -86.65 SELV = 236.00
STIM = 8

SHOW = 9.35 LIFT = 12.80 SWET = 79.22 KINX = 8.61
LCLP = 973.94 PWAT = 9.14 TOTL = 40.47 CAPE = 0.00
LCLT = 269.19 CINS = 0.00 EQLV = -9999.00 LFCT = -9999.00
BRCH = 0.00

PRES TMPC TMWC DWPC THTE DRCT SKNT OMEG
CFRL HGHT
988.10 -2.86 -3.18 -3.78 279.33 344.74 2.22 0.00
0.00 238.40
985.10 -1.86 -2.37 -3.28 280.94 59.35 12.20 -0.10
0.00 262.55
979.70 -0.86 -1.55 -2.71 282.82 61.49 17.92 -0.10
0.00 306.36
970.40 0.74 -0.56 -2.63 285.41 59.21 22.40 -0.10
0.00 382.76
956.70 1.24 -0.67 -3.76 286.52 57.70 20.01 0.00
0.00 497.08
939.00 1.34 -0.91 -4.59 287.81 35.75 11.98 0.10
0.00 647.37
917.90 1.24 -1.48 -6.13 288.88 343.54 8.92 0.30
0.00 830.25
894.80 1.24 -1.59 -6.36 291.06 301.48 11.17 0.40
0.00 1035.31
869.80 0.44 -2.53 -7.79 291.99 288.69 13.95 0.40
0.00 1262.93
841.90 -1.16 -4.30 -10.54 291.84 283.36 15.98 0.30
0.00 1523.62
811.00 -3.16 -6.45 -14.10 291.51 285.15 19.33 0.10
0.00 1820.57
777.20 -5.36 -8.73 -17.99 291.53 292.14 24.76 0.00
0.00 2155.93
740.50 -7.86 -10.47 -17.70 293.10 297.71 30.52 0.00
0.00 2533.63
700.80 -10.46 -12.18 -16.89 295.33 296.71 34.60 0.10
0.00 2959.80
658.20 -13.06 -14.76 -20.13 296.86 286.76 35.73 0.20
0.00 3440.04
612.70 -16.36 -17.38 -20.76 299.21 274.29 38.99 0.20
0.00 3982.36
564.70 -19.56 -20.11 -22.08 302.33 270.99 45.10 0.20
0.00 4592.21
518.20 -23.56 -24.01 -26.00 304.10 273.50 47.71 0.20
0.00 5225.47
476.30 -27.96 -28.39 -30.96 305.12 279.46 49.66 0.40
0.00 5836.33
438.90 -32.16 -32.61 -36.37 306.24 283.20 51.91 0.50
0.00 6418.42
405.30 -36.36 -36.79 -41.86 307.31 285.60 57.11 0.40
0.00 6975.47
374.80 -40.66 -40.99 -46.33 308.26 285.55 62.35 0.20
0.00 7512.89
347.40 -45.06 -45.24 -48.85 308.94 284.88 67.38 0.00
0.00 8024.70
322.70 -49.56 -49.67 -52.66 309.14 285.88 73.16 -0.10
0.00 8512.32
300.50 -53.66 -53.74 -56.61 309.60 286.73 78.35 -0.10
0.00 8974.56
280.60 -56.66 -56.71 -58.63 311.36 289.84 85.34 -0.10
0.00 9411.80
262.70 -58.46 -58.51 -60.90 314.59 294.41 85.60 -0.10
0.00 9827.81
246.00 -58.06 -58.15 -63.59 321.10 296.88 79.54 0.00
0.00 10240.98
230.90 -54.66 -54.90 -71.93 332.04 295.39 72.08 0.10
0.00 10642.99
217.10 -51.86 -52.21 -72.35 342.26 289.50 62.89 0.10
0.00 11039.67
203.30 -51.06 -51.47 -72.79 350.00 282.78 58.00 0.00
0.00 11465.87
189.50 -51.06 -51.50 -73.27 357.09 281.73 57.37 0.00
0.00 11922.86
175.80 -51.56 -52.01 -73.77 364.00 283.80 56.24 -0.10
0.00 12410.18
162.00 -52.26 -52.71 -74.32 371.42 285.09 53.75 -0.10
0.00 12939.62
148.20 -52.76 -53.22 -74.91 380.11 284.99 51.11 0.00
0.00 13514.67
134.40 -52.86 -53.36 -75.55 390.69 285.03 48.71 0.00
0.00 14145.11
120.60 -53.26 -53.82 -101.65 402.17 285.91 44.67 0.00
0.00 14843.11
106.80 -53.66 -54.26 -102.21 415.61 285.06 39.65 0.00
0.00 15624.61
93.00 -53.36 -54.06 -102.85 432.94 278.58 31.26 0.00
0.00 16514.18
80.20 -54.06 -54.80 -103.53 450.19 273.60 27.85 0.00
0.00 17465.36
69.90 -52.96 -53.90 -104.15 470.55 284.69 20.70 0.00
0.00 18349.14
61.60 -53.06 -54.11 -104.72 487.61 253.91 10.52 0.00
0.00 19163.70
53.80 -54.96 -55.92 -105.32 502.45 268.73 8.75 0.00
0.00 20032.19
46.50 -55.86 -56.85 -105.97 521.64 276.34 5.28 0.00
0.00 20961.63
39.70 -54.16 -55.52 -106.66 549.98 306.33 8.20 0.00
0.00 21971.20
33.50 -52.36 -54.22 -84.19 582.13 19.03 5.96 0.00
0.00 23064.20
27.60 -51.66 -54.01 -108.22 617.08 113.20 4.44 0.00
0.00 24318.29
22.10 -52.76 -55.28 -109.16 654.22 104.53 5.42 0.00
0.00 25755.62
17.00 -52.06 -55.30 -88.09 707.44 98.13 6.87 0.00
0.00 27450.93
12.30 -47.36 -53.15 -89.89 792.38 80.27 20.71 0.00
0.00 29567.61

STID = P53 STNM = 240 TIME = 140412/1000
SLAT = 46.42 SLON = -86.65 SELV = 236.00
STIM = 9

SHOW = 9.60 LIFT = 13.50 SWET = 82.43 KINX = 10.57
LCLP = 974.20 PWAT = 9.59 TOTL = 39.70 CAPE = 0.00
LCLT = 268.96 CINS = 0.00 EQLV = -9999.00 LFCT = -9999.00
BRCH = 0.00

PRES TMPC TMWC DWPC THTE DRCT SKNT OMEG
CFRL HGHT
988.70 -3.06 -3.38 -4.00 278.95 339.78 3.94 -0.10
0.00 238.39
985.80 -1.86 -2.41 -3.41 280.80 59.04 12.47 -0.10
0.00 261.71
980.40 -1.06 -1.79 -3.04 282.34 63.73 16.69 -0.10
0.00 305.48
971.00 0.34 -1.07 -3.39 284.46 62.51 21.47 -0.10
0.00 382.55
957.30 0.74 -1.22 -4.52 285.48 60.61 19.41 0.00
0.00 496.60
939.60 0.94 -1.19 -4.72 287.26 45.00 11.82 0.10
0.00 646.54
918.50 1.14 -1.53 -6.12 288.72 348.18 8.54 0.20
0.00 829.14
895.40 1.54 -1.56 -6.85 291.04 301.33 10.47 0.30
0.00 1034.12
870.40 0.74 -2.54 -8.49 291.88 282.80 13.16 0.40
0.00 1261.83
842.50 -0.86 -4.14 -10.66 292.04 272.69 16.54 0.30
0.00 1522.61
811.60 -2.96 -6.10 -13.05 292.07 274.04 19.29 0.30
0.00 1819.63
777.80 -5.36 -8.26 -15.47 292.29 283.07 22.35 0.30
0.00 2154.90
741.00 -7.96 -9.80 -14.24 294.19 291.34 26.71 0.40
0.00 2533.37
701.30 -10.56 -11.71 -14.56 296.07 292.82 30.58 0.60
0.00 2959.18
658.60 -13.06 -14.52 -18.90 297.20 282.67 33.67 0.60
0.00 3440.20
613.10 -16.26 -17.11 -19.82 299.57 270.28 40.24 0.40
0.00 3982.32
565.00 -19.96 -20.38 -21.88 301.86 276.26 46.34 0.40
0.00 4592.74
518.50 -23.36 -23.91 -26.37 304.20 282.24 49.53 0.30
0.00 5225.40
476.60 -27.36 -27.91 -31.13 305.78 283.63 53.60 0.30
0.00 5836.87
439.20 -31.56 -32.00 -35.39 307.08 288.96 59.81 0.30
0.00 6420.01
405.50 -35.96 -36.34 -40.39 307.93 291.90 66.20 0.20
0.00 6979.58
375.00 -40.56 -40.80 -44.28 308.49 291.09 75.63 0.00
0.00 7517.31
347.60 -45.26 -45.43 -48.85 308.62 292.72 83.03 -0.20
0.00 8028.73
322.90 -50.16 -50.27 -53.65 308.22 294.03 84.49 -0.20
0.00 8515.19
300.70 -54.56 -54.64 -58.08 308.23 293.94 89.11 -0.10
0.00 8975.57
280.80 -57.56 -57.61 -60.38 309.96 295.97 92.76 0.00
0.00 9410.70
262.80 -57.96 -58.04 -63.10 315.25 298.80 84.73 0.00
0.00 9828.42
246.10 -56.46 -56.58 -63.59 323.45 298.56 72.37 0.00
0.00 10243.44
231.10 -54.06 -54.29 -67.05 332.92 293.11 67.84 0.00
0.00 10644.56
217.30 -52.06 -52.40 -72.34 341.86 286.62 65.93 0.00
0.00 11041.25
203.50 -51.16 -51.59 -99.16 349.70 281.48 63.47 0.00
0.00 11466.75
189.70 -51.26 -51.72 -99.50 356.61 280.66 60.92 -0.10
0.00 11922.97
175.90 -51.86 -52.29 -73.77 363.45 284.72 58.89 -0.10
0.00 12412.89
162.10 -52.56 -52.99 -74.31 370.85 289.00 56.12 -0.10
0.00 12941.30
148.30 -53.06 -53.51 -74.90 379.52 289.93 51.90 0.00
0.00 13515.20
134.50 -53.26 -53.74 -75.55 389.90 287.54 47.09 0.00
0.00 14144.19
120.70 -53.76 -54.26 -76.25 401.22 285.01 44.27 0.00
0.00 14840.22
106.90 -54.06 -54.63 -102.21 414.74 284.83 41.02 0.00
0.00 15619.43
93.10 -53.46 -54.15 -102.85 432.61 281.91 32.98 0.00
0.00 16507.10
80.20 -53.96 -54.71 -103.53 450.39 278.91 26.36 0.00
0.00 17465.18
70.00 -53.76 -54.63 -104.15 468.65 289.29 20.59 0.00
0.00 18338.38
61.60 -54.16 -55.09 -104.72 485.18 262.41 11.77 0.00
0.00 19158.59
53.80 -55.56 -56.46 -105.32 501.07 275.29 10.54 0.00
0.00 20023.72
46.50 -55.36 -56.41 -105.97 522.84 274.76 7.02 0.00
0.00 20952.95
39.80 -53.26 -54.75 -106.65 551.85 334.72 7.74 0.00
0.00 21949.63
33.50 -52.06 -54.00 -107.40 582.83 58.57 8.20 0.00
0.00 23061.86
27.60 -51.26 -53.70 -108.22 618.19 115.77 6.26 0.00
0.00 24317.92
22.10 -52.16 -54.82 -109.16 656.00 102.99 7.78 0.00
0.00 25758.51
17.00 -51.26 -54.73 -88.09 710.00 68.50 6.89 0.00
0.00 27459.20
12.30 -46.66 -52.73 -89.89 794.84 83.78 19.75 0.00
0.00 29582.97

STID = P53 STNM = 240 TIME = 140412/1100
SLAT = 46.42 SLON = -86.65 SELV = 236.00
STIM = 10

SHOW = 10.00 LIFT = 14.62 SWET = 88.01 KINX = 10.92
LCLP = 975.26 PWAT = 10.25 TOTL = 38.91 CAPE = 0.00
LCLT = 268.56 CINS = 0.00 EQLV = -9999.00 LFCT = -9999.00
BRCH = 0.00

PRES TMPC TMWC DWPC THTE DRCT SKNT OMEG
CFRL HGHT
988.60 -3.56 -3.85 -4.42 278.20 47.73 2.89 0.00
0.00 237.59
985.60 -2.16 -2.71 -3.72 280.32 72.84 13.83 0.00
0.00 261.68
980.20 -1.26 -2.04 -3.39 281.94 73.97 17.60 0.00
0.00 305.41
970.90 0.34 -1.10 -3.48 284.42 72.68 22.19 0.00
0.00 381.65
957.20 0.74 -1.31 -4.80 285.33 68.72 19.82 0.00
0.00 495.71
939.50 0.94 -1.35 -5.24 286.97 52.96 12.91 0.00
0.00 645.66
918.40 1.34 -1.47 -6.32 288.83 9.93 7.89 0.10
0.00 828.33
895.30 1.84 -1.61 -7.69 290.93 317.20 7.15 0.20
0.00 1033.52
870.30 1.14 -2.38 -8.77 292.18 281.73 10.52 0.20
0.00 1261.52
842.40 -0.46 -3.56 -9.35 293.11 269.28 15.55 0.20
0.00 1522.73
811.50 -2.76 -5.37 -10.58 293.39 268.74 17.69 0.20
0.00 1820.17
777.60 -5.16 -7.31 -11.91 293.98 278.88 18.89 0.30
0.00 2156.84
740.90 -7.56 -8.96 -12.02 295.63 286.16 21.65 0.40
0.00 2534.87
701.10 -9.96 -11.13 -13.89 297.06 281.82 25.62 0.40
0.00 2962.71
658.50 -12.86 -14.02 -17.23 298.04 272.11 31.71 0.20
0.00 3443.49
612.90 -15.76 -16.54 -18.88 300.52 276.50 39.52 0.00
0.00 3987.71
564.90 -18.66 -19.36 -21.78 303.46 282.35 48.15 0.10
0.00 4599.19
518.40 -22.26 -22.93 -25.75 305.72 287.87 55.75 0.30
0.00 5235.00
476.50 -26.46 -27.01 -29.97 307.15 290.06 65.18 0.30
0.00 5849.08
439.10 -31.16 -31.54 -34.28 307.78 280.26 73.09 -0.10
0.00 6433.93
405.40 -36.36 -36.63 -39.41 307.53 277.42 73.70 -0.20
0.00 6993.64
374.90 -41.36 -41.57 -44.76 307.41 281.66 75.02 0.00
0.00 7530.14
347.50 -45.96 -46.14 -50.31 307.62 285.17 80.96 0.20
0.00 8040.03
322.90 -50.26 -50.37 -53.65 308.08 286.50 93.05 0.10
0.00 8523.73
300.70 -54.56 -54.64 -58.08 308.23 287.26 96.28 0.00
0.00 8984.01
280.70 -56.46 -56.53 -60.38 311.57 289.05 97.68 -0.10
0.00 9422.51
262.80 -55.66 -55.76 -60.89 318.66 291.95 100.38 -0.10
0.00 9841.26
246.10 -55.56 -55.71 -63.59 324.80 294.26 88.48 -0.20
0.00 10259.36
231.00 -55.76 -55.94 -67.05 330.37 293.88 77.80 -0.20
0.00 10662.50
217.20 -54.86 -55.08 -67.49 337.62 291.86 73.09 -0.10
0.00 11055.31
203.40 -53.26 -53.58 -72.79 346.48 288.17 66.69 -0.10
0.00 11476.31
189.60 -52.26 -52.67 -99.50 355.06 284.88 60.54 0.00
0.00 11929.57
175.80 -52.16 -52.60 -99.87 362.96 286.57 56.58 0.00
0.00 12418.32
162.00 -52.56 -52.99 -74.32 370.91 289.82 53.31 0.00
0.00 12946.69
148.20 -53.06 -53.51 -74.91 379.60 288.65 49.24 0.00
0.00 13520.95
134.40 -53.46 -53.93 -75.55 389.63 283.57 46.39 0.00
0.00 14150.10
120.60 -54.26 -54.73 -76.26 400.40 281.80 44.68 0.00
0.00 14845.57
106.80 -54.66 -55.19 -102.21 413.71 287.03 42.49 0.00
0.00 15623.51
93.00 -53.66 -54.34 -102.85 432.34 290.59 34.26 0.00
0.00 16510.45
80.20 -53.86 -54.62 -103.53 450.60 285.02 24.75 0.00
0.00 17461.42
69.90 -54.96 -55.72 -104.15 466.27 287.63 21.82 0.00
0.00 18341.57
61.60 -54.86 -55.72 -104.72 483.62 268.51 14.97 0.00
0.00 19149.10
53.80 -55.76 -56.64 -105.32 500.60 270.84 13.22 0.00
0.00 20012.44
46.50 -55.36 -56.41 -105.97 522.84 277.13 7.84 0.00
0.00 20941.25
39.80 -53.66 -55.09 -106.65 550.84 357.27 8.17 0.00
0.00 21937.02
33.50 -51.96 -53.92 -107.40 583.09 74.05 9.91 0.00
0.00 23048.49
27.60 -50.66 -53.23 -108.22 619.86 109.65 8.67 0.00
0.00 24306.54
22.10 -51.66 -54.44 -109.16 657.48 103.24 10.18 0.00
0.00 25750.70
17.00 -50.46 -54.17 -88.09 712.56 70.43 9.28 0.00
0.00 27456.38
12.30 -46.46 -52.62 -89.89 795.54 92.20 20.23 0.00
0.00 29584.90

STID = P53 STNM = 240 TIME = 140412/1200
SLAT = 46.42 SLON = -86.65 SELV = 236.00
STIM = 11

SHOW = 9.61 LIFT = 14.91 SWET = 86.12 KINX = 13.22
LCLP = 972.78 PWAT = 11.00 TOTL = 39.80 CAPE = 0.00
LCLT = 268.85 CINS = 0.00 EQLV = -9999.00 LFCT = -9999.00
BRCH = 0.00

PRES TMPC TMWC DWPC THTE DRCT SKNT OMEG
CFRL HGHT
988.70 -3.06 -3.41 -4.09 278.89 78.69 1.98 0.00
0.00 236.80
985.80 -1.96 -2.57 -3.67 280.54 81.74 12.18 0.00
0.00 260.11
980.40 -1.66 -2.35 -3.57 281.40 81.97 15.31 0.10
0.00 303.82
971.00 0.24 -1.17 -3.52 284.28 79.45 20.17 0.10
0.00 380.79
957.30 0.84 -1.32 -5.04 285.29 72.85 19.12 0.00
0.00 494.84
939.60 0.74 -1.65 -5.82 286.42 57.22 13.64 0.00
0.00 644.73
918.50 0.94 -1.85 -6.78 288.15 25.94 8.00 0.00
0.00 827.18
895.50 1.64 -2.03 -8.80 290.13 332.59 5.91 0.10
0.00 1031.20
870.50 1.24 -2.33 -8.82 292.24 285.15 9.67 0.20
0.00 1259.10
842.50 -0.36 -3.23 -8.36 293.72 272.20 15.17 0.30
0.00 1521.31
811.60 -2.66 -4.81 -8.79 294.40 270.00 17.30 0.40
0.00 1818.86
777.80 -5.16 -6.52 -9.12 295.35 274.21 18.52 0.50
0.00 2154.62
741.00 -7.36 -8.27 -10.10 296.82 276.68 21.72 0.60
0.00 2533.84
701.20 -9.86 -10.63 -12.34 297.89 273.29 27.06 0.70
0.00 2961.94
658.60 -12.86 -13.55 -15.32 298.79 270.34 32.85 0.70
0.00 3442.82
613.00 -15.56 -16.19 -17.99 301.07 274.88 38.82 0.60
0.00 3987.23
565.00 -18.16 -18.77 -20.77 304.39 282.53 48.39 0.30
0.00 4599.48
518.40 -21.96 -22.49 -24.60 306.40 282.23 56.88 0.00
0.00 5237.65
476.50 -26.96 -27.36 -29.50 306.62 273.42 61.92 -0.40
0.00 5851.50
439.10 -31.96 -32.30 -34.93 306.66 267.36 63.24 -0.50
0.00 6434.80
405.40 -36.36 -36.63 -39.41 307.53 272.12 68.47 -0.60
0.00 6993.57
374.90 -40.76 -40.99 -44.29 308.25 283.02 76.81 -0.60
0.00 7530.76
347.50 -45.16 -45.33 -48.85 308.78 287.44 84.96 -0.60
0.00 8042.21
322.90 -49.16 -49.28 -52.66 309.64 281.66 93.28 -0.60
0.00 8527.95
300.70 -52.46 -52.57 -56.61 311.23 276.07 103.01 -0.40
0.00 8991.57
280.70 -56.96 -57.02 -60.38 310.85 275.24 106.38 -0.20
0.00 9431.69
262.80 -58.36 -58.43 -63.10 314.67 283.17 106.60 -0.10
0.00 9847.35
246.10 -57.76 -57.83 -61.40 321.55 291.19 102.16 0.00
0.00 10260.74
231.00 -56.66 -56.79 -64.06 329.05 294.28 89.35 0.00
0.00 10661.01
217.20 -54.46 -54.69 -67.49 338.24 294.44 77.51 0.00
0.00 11053.37
203.40 -52.26 -52.62 -72.79 348.06 290.27 69.00 0.00
0.00 11475.72
189.60 -51.16 -51.60 -73.27 356.88 282.04 62.41 0.00
0.00 11931.14
175.80 -51.56 -52.03 -99.87 363.95 279.10 60.24 -0.10
0.00 12421.77
162.00 -52.96 -53.37 -74.32 370.24 281.69 57.56 -0.10
0.00 12950.38
148.20 -54.56 -54.93 -74.91 377.01 284.28 54.36 0.00
0.00 13522.17
134.40 -55.56 -55.93 -75.55 385.90 285.26 50.97 0.10
0.00 14146.16
120.60 -55.66 -56.06 -76.26 397.84 288.13 46.84 0.10
0.00 14836.08
106.80 -54.76 -55.29 -102.21 413.52 291.85 41.26 0.10
0.00 15611.36
93.00 -53.46 -54.15 -102.85 432.74 293.93 32.11 0.00
0.00 16498.50
80.20 -53.96 -54.71 -103.53 450.39 285.52 21.79 0.00
0.00 17449.68
70.00 -55.26 -56.00 -104.15 465.44 279.46 20.10 -0.10
0.00 18319.89
61.60 -54.96 -55.81 -104.72 483.40 260.65 16.74 0.00
0.00 19135.80
53.80 -55.76 -56.64 -105.32 500.60 264.22 15.43 0.00
0.00 19998.94
46.50 -55.36 -56.41 -105.97 522.84 290.10 8.49 0.00
0.00 20927.75
39.80 -54.16 -55.52 -106.65 549.59 11.31 7.93 0.00
0.00 21922.38
33.50 -52.46 -54.32 -107.40 581.78 86.27 8.96 0.00
0.00 23031.33
27.60 -51.66 -54.01 -108.22 617.08 111.80 8.37 0.00
0.00 24285.13
22.10 -52.46 -55.03 -86.60 655.21 96.48 8.61 0.00
0.00 25723.44
17.10 -51.06 -54.57 -88.06 709.45 79.48 13.84 0.00
0.00 27385.74
12.30 -47.66 -53.33 -89.89 791.33 88.14 23.92 0.00
0.00 29544.15

STID = P53 STNM = 240 TIME = 140412/1300
SLAT = 46.42 SLON = -86.65 SELV = 236.00
STIM = 12

SHOW = 9.38 LIFT = 15.00 SWET = 80.42 KINX = 15.49
LCLP = 958.37 PWAT = 11.99 TOTL = 41.17 CAPE = 0.00
LCLT = 270.36 CINS = 0.00 EQLV = -9999.00 LFCT = -9999.00
BRCH = 0.00

PRES TMPC TMWC DWPC THTE DRCT SKNT OMEG
CFRL HGHT
990.30 -0.26 -1.05 -2.36 282.71 96.01 3.71 0.00
0.00 236.00
987.30 -0.56 -1.37 -2.74 282.43 96.52 6.85 0.10
0.00 260.27
981.90 -0.96 -1.69 -2.94 282.38 95.86 7.62 0.10
0.00 304.08
972.60 -0.56 -1.63 -3.45 283.33 90.00 14.19 0.00
0.00 380.11
958.80 0.34 -1.66 -5.16 284.56 88.67 16.72 -0.10
0.00 494.52
941.10 0.14 -2.32 -6.88 285.09 78.23 14.30 -0.30
0.00 643.88
920.00 -0.16 -2.60 -7.07 286.69 66.80 7.40 -0.50
0.00 825.45
896.90 0.04 -2.97 -8.72 288.33 36.87 0.97 -0.60
0.00 1029.02
871.80 0.14 -2.94 -8.63 291.02 257.91 5.57 -0.70
0.00 1256.36
843.90 -1.36 -3.39 -6.88 293.31 258.31 11.51 -0.70
0.00 1516.24
812.90 -4.06 -4.80 -6.08 294.29 261.54 14.54 -0.70
0.00 1813.03
778.90 -6.26 -6.45 -6.82 295.36 266.47 15.77 -0.70
0.00 2148.81
742.10 -7.96 -8.10 -8.39 296.98 276.98 19.19 -0.50
0.00 2526.37
702.30 -10.26 -10.56 -11.20 297.88 282.20 22.07 -0.20
0.00 2953.08
659.50 -12.36 -12.83 -13.94 299.87 282.18 27.64 0.10
0.00 3435.66
613.90 -13.96 -14.46 -15.70 303.79 274.54 41.73 0.00
0.00 3981.59
565.80 -17.86 -18.34 -19.81 304.96 263.70 54.95 -0.20
0.00 4596.59
519.10 -22.76 -23.20 -25.03 305.18 263.74 58.86 -0.50
0.00 5234.62
477.20 -27.16 -27.57 -29.80 306.18 266.74 61.52 -0.60
0.00 5846.37
439.70 -31.36 -31.71 -34.26 307.40 267.94 64.96 -0.60
0.00 6430.88
406.00 -35.46 -35.75 -38.50 308.67 269.23 72.12 -0.70
0.00 6990.62
375.40 -39.76 -39.96 -42.58 309.60 270.56 80.09 -0.60
0.00 7531.00
348.00 -44.46 -44.59 -46.99 309.71 272.74 81.34 -0.50
0.00 8043.64
323.30 -49.36 -49.45 -51.75 309.29 271.79 74.48 -0.20
0.00 8531.25
301.10 -52.96 -53.05 -56.60 310.41 267.55 68.29 0.00
0.00 8993.55
281.10 -53.56 -53.65 -57.15 315.69 280.04 94.75 -0.10
0.00 9435.98
263.10 -55.46 -55.54 -59.14 318.89 283.09 114.15 -0.10
0.00 9859.53
246.40 -57.26 -57.31 -59.65 322.23 284.33 111.54 -0.10
0.00 10275.71
231.30 -57.86 -57.94 -61.88 327.15 285.27 96.71 0.00
0.00 10674.82
217.50 -56.76 -56.90 -64.51 334.60 285.98 81.89 0.00
0.00 11063.51
203.70 -53.36 -53.65 -67.95 346.23 288.82 74.13 0.10
0.00 11481.99
189.90 -51.16 -51.60 -73.25 356.72 286.86 65.00 0.00
0.00 11935.60
176.10 -51.06 -51.53 -73.76 364.65 280.80 60.16 0.00
0.00 12425.97
162.20 -52.46 -52.90 -74.31 370.95 282.24 58.68 0.00
0.00 12958.83
148.40 -54.16 -54.55 -74.90 377.55 285.19 56.40 0.00
0.00 13531.06
134.60 -55.06 -55.45 -75.54 386.62 285.00 53.33 0.10
0.00 14155.46
120.80 -54.96 -55.40 -76.25 398.93 287.05 48.39 0.10
0.00 14846.20
107.00 -54.26 -54.82 -102.21 414.25 290.59 39.24 0.00
0.00 15622.23
93.20 -53.96 -54.61 -102.84 431.49 290.32 27.98 0.00
0.00 16507.60
80.30 -54.76 -55.45 -103.53 448.59 281.86 19.86 0.00
0.00 17461.74
70.00 -55.56 -56.27 -104.15 464.80 277.87 18.45 0.00
0.00 18337.71
61.70 -55.06 -55.90 -104.71 482.96 270.00 16.52 0.00
0.00 19142.53
53.90 -54.96 -55.92 -105.32 502.18 285.64 15.14 0.00
0.00 20005.56
46.60 -54.46 -55.61 -105.96 524.68 322.85 8.05 0.00
0.00 20936.13
39.80 -53.76 -55.18 -106.65 550.59 47.60 6.05 0.00
0.00 21947.50
33.50 -52.46 -54.32 -107.40 581.78 115.35 8.17 0.00
0.00 23057.45
27.60 -52.36 -54.56 -108.22 615.13 135.97 8.11 0.00
0.00 24309.27
22.20 -53.76 -56.02 -86.58 650.51 104.53 5.42 0.00
0.00 25711.98
17.10 -52.06 -55.28 -88.06 706.25 79.56 15.02 0.00
0.00 27394.76
12.30 -48.06 -53.57 -89.89 789.92 87.06 22.77 0.00
0.00 29546.42

STID = P53 STNM = 240 TIME = 140412/1400
SLAT = 46.42 SLON = -86.65 SELV = 236.00
STIM = 13

SHOW = 10.19 LIFT = 15.80 SWET = 85.15 KINX = 15.41
LCLP = 949.14 PWAT = 12.78 TOTL = 41.08 CAPE = 0.00
LCLT = 270.99 CINS = 0.00 EQLV = -9999.00 LFCT = -9999.00
BRCH = 0.00

PRES TMPC TMWC DWPC THTE DRCT SKNT OMEG
CFRL HGHT
991.60 1.24 0.13 -1.57 284.67 96.58 5.09 0.10
0.00 236.00
988.70 0.94 -0.16 -1.89 284.41 96.71 6.65 0.10
0.00 259.56
983.20 0.44 -0.55 -2.13 284.24 97.31 7.64 0.20
0.00 304.37
973.90 -0.36 -1.23 -2.67 283.91 98.13 11.00 0.30
0.00 380.52
960.10 -0.16 -1.96 -5.15 283.92 96.61 13.50 0.40
0.00 494.73
942.40 -0.46 -2.75 -7.08 284.24 94.57 14.63 0.40
0.00 643.57
921.30 -1.26 -2.93 -5.93 286.01 88.73 8.75 0.50
0.00 824.34
898.10 -2.26 -3.22 -4.86 287.86 109.44 3.50 0.60
0.00 1027.30
873.00 -2.66 -3.07 -3.76 290.73 204.44 4.70 0.70
0.00 1252.33
844.90 -3.26 -3.50 -3.92 293.02 216.38 9.18 0.70
0.00 1511.63
813.90 -4.66 -4.88 -5.26 294.06 223.45 10.17 0.50
0.00 1806.77
779.90 -6.46 -6.72 -7.20 294.78 238.24 9.60 0.50
0.00 2141.63
743.00 -7.96 -8.28 -8.90 296.57 277.00 11.16 0.50
0.00 2519.58
703.20 -9.96 -10.45 -11.51 297.94 298.30 14.35 0.70
0.00 2945.98
660.40 -11.26 -11.99 -13.68 301.14 284.87 22.73 0.60
0.00 3429.21
614.70 -13.26 -13.87 -15.36 304.65 258.94 43.57 0.20
0.00 3977.51
566.50 -18.16 -18.52 -19.63 304.56 254.76 56.21 -0.40
0.00 4593.50
519.80 -22.26 -22.54 -23.61 306.09 268.99 66.49 -0.50
0.00 5230.99
477.80 -26.16 -26.63 -29.03 307.48 278.15 71.28 -0.30
0.00 5845.29
440.30 -29.96 -30.74 -36.87 308.69 273.78 70.71 -0.30
0.00 6431.89
406.50 -34.76 -35.35 -41.83 309.13 270.31 72.12 -0.40
0.00 6994.98
376.00 -39.56 -39.90 -44.73 309.54 269.20 69.59 -0.40
0.00 7533.84
348.50 -44.06 -44.24 -47.56 310.09 266.50 66.80 -0.30
0.00 8048.23
323.70 -47.86 -47.98 -50.92 311.29 275.74 81.66 -0.20
0.00 8539.21
301.50 -50.26 -50.39 -54.22 314.17 280.13 101.69 -0.20
0.00 9005.29
281.50 -52.26 -52.39 -57.14 317.43 279.45 113.70 -0.30
0.00 9451.13
263.50 -54.76 -54.86 -59.13 319.78 279.09 116.93 -0.30
0.00 9876.00
246.70 -56.96 -57.02 -59.64 322.56 280.47 111.29 -0.30
0.00 10295.05
231.60 -58.16 -58.23 -61.87 326.57 282.17 101.41 -0.20
0.00 10693.67
217.80 -57.16 -57.29 -64.50 333.85 283.13 89.02 0.00
0.00 11081.21
204.00 -54.16 -54.42 -67.94 344.82 286.56 75.03 0.00
0.00 11497.95
190.10 -52.36 -52.74 -73.25 354.68 289.14 65.22 0.00
0.00 11952.20
176.30 -51.36 -51.82 -73.75 364.04 285.92 61.65 0.00
0.00 12440.38
162.50 -51.86 -52.33 -74.30 371.76 282.63 57.77 0.00
0.00 12968.98
148.60 -53.86 -54.27 -74.89 377.93 283.30 54.93 0.00
0.00 13545.61
134.80 -54.96 -55.35 -75.53 386.64 284.90 52.90 0.00
0.00 14169.69
121.00 -54.46 -54.92 -76.24 399.66 286.43 47.42 0.00
0.00 14860.30
107.10 -54.06 -54.63 -102.20 414.52 287.77 36.94 0.00
0.00 15642.19
93.30 -54.36 -54.99 -102.84 430.57 280.65 26.31 0.00
0.00 16526.27
80.40 -55.46 -56.09 -103.52 446.99 272.63 21.21 0.00
0.00 17476.91
70.10 -55.96 -56.64 -104.14 463.76 278.29 20.23 0.00
0.00 18349.50
61.70 -55.26 -56.08 -104.71 482.51 283.57 17.40 0.00
0.00 19162.31
53.90 -54.66 -55.65 -105.32 502.87 294.93 15.22 0.00
0.00 20025.54
46.60 -54.56 -55.70 -105.96 524.44 325.18 5.45 0.00
0.00 20956.53
39.80 -54.96 -56.21 -106.65 547.58 94.24 5.26 0.00
0.00 21964.90
33.60 -53.96 -55.56 -107.38 577.33 126.87 7.78 0.00
0.00 23048.96
27.70 -53.06 -55.11 -108.21 612.54 137.49 6.33 0.00
0.00 24290.45
22.20 -53.06 -55.48 -86.58 652.59 78.69 5.95 0.00
0.00 25716.47
17.10 -50.46 -54.15 -88.06 711.36 85.30 14.24 0.00
0.00 27408.03
12.30 -47.06 -52.97 -89.89 793.43 97.06 20.57 0.00
0.00 29572.23

STID = P53 STNM = 240 TIME = 140412/1500
SLAT = 46.42 SLON = -86.65 SELV = 236.00
STIM = 14

SHOW = 9.29 LIFT = 15.12 SWET = 87.26 KINX = 17.44
LCLP = 940.03 PWAT = 13.48 TOTL = 42.28 CAPE = 0.00
LCLT = 271.17 CINS = 0.00 EQLV = -9999.00 LFCT = -9999.00
BRCH = 0.00

PRES TMPC TMWC DWPC THTE DRCT SKNT OMEG
CFRL HGHT
991.10 2.14 0.77 -1.27 285.86 100.89 5.15 0.10
0.00 236.00
988.10 1.74 0.39 -1.66 285.46 99.73 6.90 0.10
0.00 260.46
982.70 1.24 -0.02 -1.97 285.22 99.69 8.08 0.10
0.00 304.61
973.40 0.54 -0.58 -2.34 285.11 99.66 9.27 0.20
0.00 381.04
959.60 -0.06 -2.04 -5.59 283.83 101.15 14.07 0.20
0.00 495.52
941.90 -0.06 -2.40 -6.71 284.89 100.23 14.22 0.30
0.00 644.58
920.80 -0.76 -1.97 -3.97 287.75 98.33 8.05 0.30
0.00 825.76
897.60 -1.06 -1.70 -2.68 290.63 146.31 4.21 0.30
0.00 1029.53
872.50 -1.26 -1.68 -2.32 293.34 201.37 9.60 0.10
0.00 1255.84
844.50 -2.46 -2.77 -3.27 294.40 208.12 12.78 -0.10
0.00 1515.44
813.50 -4.16 -4.49 -5.06 294.79 211.43 12.30 -0.20
0.00 1811.46
779.50 -5.86 -6.29 -7.07 295.58 219.47 12.84 -0.20
0.00 2147.18
742.60 -7.86 -8.23 -8.96 296.70 237.99 11.00 -0.30
0.00 2525.84
702.80 -10.26 -10.59 -11.30 297.76 257.74 9.15 -0.50
0.00 2952.31
660.00 -11.96 -12.32 -13.15 300.65 262.09 14.13 -0.70
0.00 3434.92
614.30 -14.26 -14.45 -14.93 303.74 247.95 33.14 -0.70
0.00 3981.81
566.20 -17.86 -18.07 -18.70 305.33 246.30 52.22 -0.50
0.00 4596.08
519.50 -22.06 -22.23 -22.83 306.63 260.88 58.86 -0.40
0.00 5234.59
477.60 -25.86 -26.23 -28.05 308.12 273.40 68.74 -0.50
0.00 5848.38
440.00 -30.06 -30.63 -34.69 308.93 270.27 83.00 -0.60
0.00 6437.14
406.30 -34.26 -34.70 -38.78 310.13 264.56 86.11 -0.70
0.00 6999.39
375.70 -39.46 -39.66 -42.19 309.96 266.89 78.84 -0.60
0.00 7541.08
348.30 -43.86 -44.03 -46.99 310.45 274.21 79.52 -0.50
0.00 8054.29
323.60 -46.36 -46.58 -51.74 313.36 275.89 100.44 -0.50
0.00 8545.34
301.30 -49.06 -49.28 -56.59 315.85 275.31 117.52 -0.60
0.00 9016.56
281.30 -52.26 -52.42 -58.61 317.46 276.03 122.16 -0.50
0.00 9463.91
263.30 -55.16 -55.28 -60.88 319.22 277.79 120.46 -0.30
0.00 9888.70
246.60 -56.56 -56.66 -61.38 323.16 279.77 113.41 -0.20
0.00 10305.50
231.50 -56.36 -56.47 -61.87 329.34 283.34 101.08 -0.20
0.00 10706.32
217.70 -56.46 -56.58 -62.34 335.02 286.21 85.63 -0.10
0.00 11096.28
203.90 -55.56 -55.77 -67.95 342.67 286.01 75.43 -0.10
0.00 11512.55
190.00 -53.36 -53.67 -68.45 353.18 289.36 68.61 0.00
0.00 11964.55
176.20 -52.26 -52.67 -73.76 362.62 288.38 62.88 0.00
0.00 12450.91
162.40 -52.46 -52.90 -74.30 370.82 284.31 59.78 0.00
0.00 12978.02
148.50 -53.76 -54.17 -74.89 378.17 284.13 56.53 0.00
0.00 13554.37
134.70 -55.16 -55.54 -75.54 386.37 285.74 52.31 0.00
0.00 14178.75
120.90 -54.76 -55.21 -76.24 399.20 290.02 46.55 0.10
0.00 14869.11
107.10 -54.06 -54.63 -102.20 414.52 288.93 35.35 0.00
0.00 15645.17
93.20 -54.76 -55.36 -102.84 429.91 277.34 25.87 0.00
0.00 16535.30
80.40 -55.96 -56.56 -103.52 445.96 274.51 22.23 0.00
0.00 17477.15
70.10 -56.06 -56.73 -104.14 463.55 282.59 20.51 0.00
0.00 18348.54
61.70 -55.06 -55.90 -104.71 482.96 282.24 16.51 0.00
0.00 19161.53
53.90 -54.66 -55.65 -105.32 502.87 282.72 12.35 0.00
0.00 20025.16
46.60 -55.46 -56.50 -105.96 522.28 300.26 2.70 0.00
0.00 20954.23
39.80 -56.36 -57.44 -106.65 544.07 115.46 4.52 0.00
0.00 21957.30
33.50 -54.96 -56.41 -107.40 575.19 137.73 5.78 0.00
0.00 23054.38
27.70 -53.36 -55.35 -108.21 611.71 113.63 3.39 0.00
0.00 24273.09
22.20 -52.36 -54.94 -86.58 654.66 63.43 9.13 0.00
0.00 25700.41
17.10 -49.76 -53.67 -88.06 713.60 92.39 14.01 0.00
0.00 27397.31
12.30 -46.46 -52.62 -89.89 795.54 100.54 17.00 0.00
0.00 29567.78

STID = P53 STNM = 240 TIME = 140412/1600
SLAT = 46.42 SLON = -86.65 SELV = 236.00
STIM = 15

SHOW = 9.18 LIFT = 14.76 SWET = 86.21 KINX = 17.72
LCLP = 931.11 PWAT = 13.97 TOTL = 42.16 CAPE = 0.00
LCLT = 271.00 CINS = 0.00 EQLV = -9999.00 LFCT = -9999.00
BRCH = 0.00

PRES TMPC TMWC DWPC THTE DRCT SKNT OMEG
CFRL HGHT
990.10 2.64 1.04 -1.32 286.44 91.74 6.42 0.10
0.00 236.00
987.10 2.34 0.68 -1.83 286.06 91.27 8.75 0.10
0.00 260.54
981.70 1.84 0.25 -2.19 285.80 91.10 10.11 0.10
0.00 304.82
972.40 1.04 -0.39 -2.65 285.53 91.94 11.48 0.20
0.00 381.49
958.70 0.04 -1.72 -4.78 284.47 94.46 15.01 0.30
0.00 495.37
941.00 0.04 -1.73 -4.75 286.16 94.29 15.59 0.40
0.00 644.65
919.80 -0.36 -0.94 -1.82 289.72 92.20 10.12 0.50
0.00 827.10
896.70 -0.26 -0.61 -1.13 292.74 135.00 6.87 0.50
0.00 1030.71
871.60 -0.76 -1.00 -1.38 294.71 184.97 8.98 0.50
0.00 1257.84
843.60 -2.06 -2.32 -2.73 295.34 197.10 10.58 0.40
0.00 1518.17
812.60 -3.46 -3.77 -4.28 296.21 202.56 13.68 0.20
0.00 1815.15
778.70 -5.36 -5.67 -6.22 296.78 204.83 14.35 0.10
0.00 2151.04
741.80 -7.56 -7.94 -8.68 297.30 212.32 11.27 -0.10
0.00 2530.69
702.00 -9.66 -10.07 -10.94 298.75 222.27 11.56 -0.30
0.00 2958.38
659.30 -11.66 -12.00 -12.76 301.30 226.97 19.94 -0.70
0.00 3441.24
613.60 -14.66 -14.90 -15.51 303.10 235.70 35.53 -1.10
0.00 3988.62
565.50 -17.66 -17.95 -18.79 305.65 246.68 49.11 -0.90
0.00 4603.36
518.90 -21.36 -21.60 -22.47 307.72 261.71 60.70 -0.50
0.00 5242.41
477.00 -25.46 -26.06 -29.05 308.50 263.07 72.45 -0.10
0.00 5858.29
439.50 -29.86 -30.66 -36.88 308.98 261.60 77.22 0.00
0.00 6446.88
405.80 -34.36 -34.99 -41.85 309.80 268.47 72.72 -0.10
0.00 7009.88
375.30 -38.56 -38.98 -44.75 311.04 273.69 81.61 -0.30
0.00 7551.31
347.90 -41.76 -42.18 -50.30 313.21 274.42 100.99 -0.40
0.00 8068.40
323.20 -45.06 -45.44 -56.02 315.11 274.70 113.90 -0.60
0.00 8563.69
301.00 -48.56 -48.83 -58.07 316.60 275.41 117.54 -0.60
0.00 9035.19
281.00 -51.86 -52.03 -58.62 318.13 276.16 117.70 -0.50
0.00 9483.91
263.00 -54.76 -54.89 -60.89 319.91 277.66 116.70 -0.50
0.00 9909.94
246.30 -56.76 -56.85 -61.39 322.97 280.84 111.62 -0.50
0.00 10327.43
231.30 -58.46 -58.53 -61.88 326.23 283.53 102.17 -0.40
0.00 10723.89
217.40 -58.86 -58.93 -62.35 331.44 284.41 92.92 -0.20
0.00 11113.03
203.60 -56.56 -56.72 -65.00 341.28 286.86 85.10 -0.10
0.00 11526.63
189.80 -53.36 -53.67 -68.46 353.28 291.08 71.87 -0.10
0.00 11974.92
176.00 -53.16 -53.53 -73.76 361.26 291.04 59.56 0.00
0.00 12460.82
162.20 -54.06 -54.42 -74.31 368.26 286.38 59.97 0.00
0.00 12985.57
148.40 -54.16 -54.55 -74.90 377.55 286.37 61.39 0.00
0.00 13555.71
134.60 -54.56 -54.97 -75.54 387.51 289.84 52.69 0.00
0.00 14180.83
120.80 -55.56 -55.97 -76.25 397.83 292.62 42.96 0.00
0.00 14871.41
107.00 -54.66 -55.19 -102.21 413.49 291.06 33.54 0.00
0.00 15645.67
93.10 -54.86 -55.45 -102.85 429.85 271.31 25.47 0.00
0.00 16535.27
80.30 -55.86 -56.47 -103.53 446.33 272.79 23.94 0.00
0.00 17478.21
70.00 -55.36 -56.09 -104.15 465.23 279.73 20.71 0.00
0.00 18352.37
61.60 -54.36 -55.27 -104.72 484.73 279.46 16.55 0.00
0.00 19169.22
53.90 -54.26 -55.30 -105.32 503.79 277.72 11.57 0.00
0.00 20024.63
46.60 -55.06 -56.14 -105.96 523.24 270.00 2.72 0.00
0.00 20955.41
39.80 -55.36 -56.56 -106.65 546.58 168.02 6.56 0.00
0.00 21961.70
33.50 -54.46 -55.99 -107.40 576.50 168.69 5.95 0.00
0.00 23062.57
27.60 -52.76 -54.88 -108.22 614.01 75.96 4.01 0.00
0.00 24307.58
22.20 -51.36 -54.19 -86.58 657.63 84.09 11.33 0.00
0.00 25716.67
17.10 -50.36 -54.08 -88.06 711.68 116.57 13.47 0.00
0.00 27415.11
12.30 -46.96 -52.91 -89.89 793.79 85.86 13.45 0.00
0.00 29580.27

STID = P53 STNM = 240 TIME = 140412/1700
SLAT = 46.42 SLON = -86.65 SELV = 236.00
STIM = 16

SHOW = 8.72 LIFT = 14.41 SWET = 73.65 KINX = 18.78
LCLP = 941.80 PWAT = 15.09 TOTL = 42.79 CAPE = 0.00
LCLT = 271.84 CINS = 0.00 EQLV = -9999.00 LFCT = -9999.00
BRCH = 0.00

PRES TMPC TMWC DWPC THTE DRCT SKNT OMEG
CFRL HGHT
989.50 2.54 1.23 -0.65 286.87 101.63 6.75 0.10
0.00 236.00
986.60 2.04 0.79 -1.06 286.32 101.77 9.53 0.10
0.00 259.72
981.10 1.54 0.38 -1.37 286.10 101.11 11.09 0.10
0.00 304.81
971.90 0.74 -0.20 -1.65 285.92 99.75 12.62 0.10
0.00 380.61
958.10 -0.36 -0.98 -1.96 285.86 97.91 14.13 0.10
0.00 495.28
940.40 -0.96 -1.50 -2.37 286.65 96.34 15.84 0.00
0.00 644.33
919.30 -0.36 -0.52 -0.79 290.54 92.49 13.42 0.00
0.00 825.74
896.20 -0.16 -0.26 -0.42 293.47 113.96 9.57 0.00
0.00 1029.53
871.10 -0.66 -0.75 -0.91 295.25 145.01 7.12 0.00
0.00 1256.89
843.10 -1.66 -1.77 -1.96 296.44 175.24 7.02 0.00
0.00 1517.65
812.10 -2.86 -2.99 -3.21 297.74 205.20 10.96 -0.10
0.00 1815.40
778.20 -4.66 -4.86 -5.20 298.32 208.47 13.05 -0.10
0.00 2152.37
741.30 -7.06 -7.34 -7.86 298.43 203.43 12.71 -0.10
0.00 2533.17
701.60 -9.26 -9.61 -10.32 299.60 211.61 14.84 -0.30
0.00 2960.82
658.90 -11.56 -11.85 -12.49 301.61 226.33 23.65 -0.50
0.00 3444.45
613.20 -14.16 -14.39 -14.95 304.01 237.26 38.82 -0.80
0.00 3992.83
565.20 -17.26 -17.41 -17.84 306.57 242.71 47.90 -0.80
0.00 4607.77
518.60 -21.26 -21.37 -21.75 308.14 260.88 53.94 -0.70
0.00 5247.85
476.70 -25.16 -25.67 -28.07 309.16 273.09 68.52 -0.60
0.00 5864.62
439.20 -28.56 -29.08 -32.16 311.44 267.77 84.81 -0.50
0.00 6455.56
405.50 -32.66 -33.18 -37.42 312.56 264.36 94.93 -0.50
0.00 7022.53
375.10 -37.36 -37.89 -44.75 312.67 266.94 102.00 -0.70
0.00 7565.86
347.70 -41.56 -42.04 -52.03 313.46 272.24 104.66 -0.90
0.00 8084.79
323.00 -45.46 -45.80 -54.76 314.65 275.34 106.59 -0.80
0.00 8580.16
300.80 -49.06 -49.24 -54.24 316.07 276.63 109.39 -0.70
0.00 9051.03
280.80 -52.36 -52.44 -54.81 317.59 277.69 111.80 -0.40
0.00 9499.06
262.90 -55.06 -55.13 -57.69 319.59 278.94 112.55 -0.30
0.00 9922.19
246.20 -56.76 -56.85 -61.40 323.01 281.15 110.55 -0.10
0.00 10339.56
231.10 -57.66 -57.77 -64.06 327.49 284.24 105.08 0.00
0.00 10739.65
217.30 -57.76 -57.88 -64.52 333.14 285.54 93.61 0.00
0.00 11127.96
203.50 -57.16 -57.30 -65.01 340.38 283.24 81.47 0.00
0.00 11542.24
189.70 -55.26 -55.50 -68.46 350.28 281.55 73.80 -0.10
0.00 11988.19
175.90 -53.76 -54.08 -69.00 360.38 285.92 64.48 -0.10
0.00 12471.59
162.10 -54.36 -54.71 -74.31 367.82 288.50 56.98 -0.20
0.00 12995.58
148.30 -56.06 -56.37 -74.90 374.35 285.40 55.65 -0.10
0.00 13563.22
134.50 -56.36 -56.69 -75.55 384.40 290.10 54.85 0.00
0.00 14183.49
120.70 -55.86 -56.25 -76.25 397.38 297.03 42.77 0.00
0.00 14871.29
106.90 -55.26 -55.76 -102.21 412.47 288.21 31.72 0.00
0.00 15644.63
93.10 -54.56 -55.17 -102.85 430.44 266.37 27.66 0.00
0.00 16527.65
80.30 -55.86 -56.47 -103.53 446.33 279.53 27.00 0.00
0.00 17471.23
70.00 -54.46 -55.26 -104.15 467.15 282.99 20.75 0.00
0.00 18347.20
61.60 -53.66 -54.64 -104.72 486.28 274.24 15.79 0.00
0.00 19167.05
53.80 -54.36 -55.39 -105.32 503.83 263.35 11.74 0.00
0.00 20035.54
46.50 -55.46 -56.50 -105.97 522.60 270.00 3.11 0.00
0.00 20967.11
39.80 -55.06 -56.30 -106.65 547.33 174.81 4.29 0.00
0.00 21959.48
33.50 -53.06 -54.82 -107.40 580.19 159.44 3.32 0.00
0.00 23064.64
27.60 -51.76 -54.09 -108.22 616.80 112.48 6.10 0.00
0.00 24316.45
22.10 -52.76 -55.26 -86.60 654.32 97.43 13.53 0.00
0.00 25753.46
17.00 -52.56 -55.66 -88.09 705.84 90.91 12.25 0.00
0.00 27446.86
12.30 -46.96 -52.91 -89.89 793.79 89.22 14.19 0.00
0.00 29563.06

STID = P53 STNM = 240 TIME = 140412/1800
SLAT = 46.42 SLON = -86.65 SELV = 236.00
STIM = 17

SHOW = 9.74 LIFT = 15.28 SWET = 83.81 KINX = 17.81
LCLP = 968.86 PWAT = 15.85 TOTL = 40.40 CAPE = 0.00
LCLT = 273.67 CINS = 0.00 EQLV = -9999.00 LFCT = -9999.00
BRCH = 0.00

PRES TMPC TMWC DWPC THTE DRCT SKNT OMEG
CFRL HGHT
989.20 2.14 1.58 0.80 287.56 102.68 7.97 0.10
0.00 236.00
986.20 1.74 1.23 0.49 287.17 102.31 10.94 0.20
0.00 260.52
980.80 1.14 0.78 0.24 286.86 102.15 12.92 0.30
0.00 304.76
971.50 0.44 0.22 -0.14 286.72 101.89 15.10 0.40
0.00 381.34
957.70 -0.46 -0.60 -0.83 286.58 101.43 17.65 0.50
0.00 496.00
940.10 -0.76 -0.99 -1.38 287.58 101.65 19.25 0.60
0.00 644.31
918.90 0.44 0.32 0.12 292.17 107.43 17.52 0.60
0.00 827.01
895.80 0.34 0.21 -0.01 294.40 127.67 14.00 0.60
0.00 1031.40
870.70 -0.26 -0.39 -0.59 296.00 147.53 12.67 0.50
0.00 1259.26
842.70 -1.16 -1.32 -1.56 297.36 175.31 11.90 0.30
0.00 1520.59
811.80 -2.56 -2.73 -3.00 298.27 203.07 11.41 0.20
0.00 1817.96
777.90 -4.36 -4.64 -5.09 298.78 212.62 11.54 0.30
0.00 2155.44
741.10 -6.46 -6.85 -7.55 299.33 206.57 13.04 0.50
0.00 2535.98
701.30 -8.36 -8.80 -9.64 301.07 222.51 22.15 0.40
0.00 2966.10
658.60 -10.76 -11.23 -12.22 302.73 236.41 30.57 0.10
0.00 3451.53
613.00 -13.16 -13.62 -14.71 305.34 240.26 42.31 -0.20
0.00 4000.84
564.90 -15.96 -16.42 -17.64 308.28 243.63 51.64 -0.60
0.00 4620.09
518.30 -19.56 -20.04 -21.58 310.34 246.24 56.92 -1.00
0.00 5264.32
476.50 -23.66 -24.09 -25.86 311.65 249.38 64.59 -1.40
0.00 5883.90
439.00 -27.46 -27.84 -29.78 313.39 252.89 72.00 -1.60
0.00 6478.28
405.30 -32.66 -32.86 -34.28 313.09 259.34 76.74 -1.50
0.00 7046.86
374.80 -37.96 -38.29 -42.21 312.16 268.07 86.74 -1.30
0.00 7591.67
347.40 -41.86 -42.28 -50.31 313.20 272.00 94.91 -1.00
0.00 8110.05
322.80 -45.46 -45.68 -50.20 314.90 273.03 99.27 -0.70
0.00 8603.46
300.60 -48.76 -48.87 -51.56 316.67 273.18 105.13 -0.50
0.00 9074.96
280.60 -52.06 -52.15 -54.82 318.09 273.43 110.61 -0.40
0.00 9523.90
262.70 -55.26 -55.35 -59.15 319.32 274.55 112.71 -0.30
0.00 9947.45
246.00 -57.56 -57.63 -61.40 321.89 276.67 110.38 -0.20
0.00 10364.18
231.00 -58.86 -58.92 -61.89 325.75 278.93 106.45 0.00
0.00 10760.03
217.20 -58.86 -58.95 -64.52 331.48 281.98 101.14 0.10
0.00 11146.44
203.40 -57.86 -58.01 -67.96 339.28 283.25 92.46 0.10
0.00 11559.19
189.60 -55.66 -55.89 -68.47 349.69 282.65 81.68 0.10
0.00 12004.23
175.80 -53.86 -54.18 -69.00 360.27 283.52 68.17 0.00
0.00 12487.34
162.00 -53.86 -54.23 -74.32 368.73 286.13 56.66 -0.10
0.00 13012.12
148.20 -55.46 -55.80 -74.91 375.46 286.22 49.40 -0.10
0.00 13581.57
134.40 -56.96 -57.27 -75.55 383.42 286.74 49.93 0.00
0.00 14202.28
120.60 -55.36 -55.78 -76.26 398.39 293.33 44.67 0.10
0.00 14890.45
106.80 -54.66 -55.19 -102.21 413.71 274.28 28.65 0.00
0.00 15666.43
93.00 -55.86 -56.39 -102.85 428.01 267.29 28.80 -0.10
0.00 16548.92
80.20 -56.46 -57.03 -103.53 445.25 284.88 28.76 0.00
0.00 17489.48
69.90 -54.56 -55.36 -104.15 467.13 294.44 21.14 0.00
0.00 18365.21
61.60 -54.16 -55.09 -104.72 485.18 280.18 15.40 0.00
0.00 19174.78
53.80 -54.76 -55.74 -105.32 502.91 282.43 11.74 0.00
0.00 20041.49
46.50 -55.06 -56.14 -105.97 523.56 286.39 3.44 0.00
0.00 20973.06
39.70 -54.26 -55.61 -106.66 549.73 198.92 7.19 0.00
0.00 21984.25
33.50 -52.66 -54.49 -107.40 581.25 172.23 4.32 0.00
0.00 23076.25
27.60 -52.56 -54.72 -108.22 614.57 121.76 9.60 0.00
0.00 24326.94
22.10 -53.96 -56.19 -86.60 650.76 98.33 16.11 0.00
0.00 25757.44
17.00 -51.06 -54.59 -88.09 710.64 98.57 14.35 0.00
0.00 27451.99
12.30 -45.76 -52.21 -89.89 798.00 102.70 14.15 0.00
0.00 29580.98

STID = P53 STNM = 240 TIME = 140412/1900
SLAT = 46.42 SLON = -86.65 SELV = 236.00
STIM = 18

SHOW = 10.51 LIFT = 15.73 SWET = 92.33 KINX = 17.85
LCLP = 975.56 PWAT = 16.87 TOTL = 38.68 CAPE = 0.00
LCLT = 274.33 CINS = 0.00 EQLV = 954.06 LFCT = 954.06
BRCH = 0.00

PRES TMPC TMWC DWPC THTE DRCT SKNT OMEG
CFRL HGHT
987.70 2.14 1.81 1.34 288.13 106.70 8.12 0.10
0.00 236.00
984.80 1.74 1.49 1.10 287.79 106.34 11.75 0.20
0.00 259.74
979.40 1.24 1.11 0.90 287.61 106.70 14.21 0.20
0.00 304.06
970.10 0.54 0.53 0.46 287.43 106.76 16.85 0.20
0.00 380.78
956.40 0.04 -0.00 -0.11 287.78 107.96 22.07 0.20
0.00 494.91
938.70 0.04 -0.05 -0.23 289.44 109.01 24.47 0.20
0.00 644.65
917.60 0.54 0.51 0.42 292.66 117.22 22.95 0.20
0.00 827.09
894.50 0.34 0.31 0.23 294.74 137.91 16.24 0.10
0.00 1031.82
869.50 0.04 -0.00 -0.10 296.88 160.29 13.83 0.10
0.00 1259.23
841.50 -1.06 -1.17 -1.35 297.79 175.79 13.25 0.10
0.00 1521.13
810.60 -2.56 -2.71 -2.95 298.45 186.34 14.08 0.10
0.00 1819.00
776.70 -4.26 -4.45 -4.76 299.27 195.62 18.77 -0.20
0.00 2157.06
740.00 -5.96 -6.20 -6.63 300.65 209.55 21.67 -0.60
0.00 2537.61
700.20 -7.76 -7.99 -8.41 302.67 223.07 24.48 -1.10
0.00 2969.34
657.60 -9.96 -10.22 -10.74 304.64 231.56 31.27 -1.60
0.00 3455.76
612.00 -12.36 -12.60 -13.12 307.27 235.13 44.54 -2.40
0.00 4007.71
564.00 -14.76 -14.92 -15.30 311.00 241.36 57.59 -2.80
0.00 4629.19
517.50 -18.26 -18.41 -18.81 313.21 250.12 65.73 -2.60
0.00 5276.34
475.70 -22.96 -23.17 -23.92 313.30 261.06 66.31 -1.70
0.00 5899.49
438.30 -28.96 -29.27 -31.01 311.35 270.00 71.34 -0.80
0.00 6492.32
404.70 -33.36 -34.11 -41.87 311.34 272.90 84.47 -0.20
0.00 7057.45
374.30 -37.26 -37.84 -45.79 312.93 273.29 91.51 0.10
0.00 7601.19
346.90 -41.06 -41.37 -45.96 314.67 273.26 95.60 0.20
0.00 8121.95
322.30 -44.46 -44.66 -48.25 316.53 273.17 102.01 0.20
0.00 8618.06
300.10 -47.96 -48.11 -51.57 317.95 272.79 108.01 0.20
0.00 9092.20
280.20 -51.66 -51.79 -55.93 318.76 273.00 111.53 0.10
0.00 9540.79
262.30 -55.06 -55.15 -59.16 319.75 274.23 113.24 0.00
0.00 9965.54
245.60 -57.16 -57.24 -61.42 322.64 275.93 111.00 0.00
0.00 10383.50
230.60 -58.26 -58.33 -61.90 326.82 277.45 104.88 -0.10
0.00 10780.94
216.80 -58.46 -58.56 -64.54 332.28 278.88 96.99 -0.10
0.00 11168.95
203.10 -58.16 -58.31 -67.97 338.95 280.06 89.03 -0.10
0.00 11579.48
189.30 -57.36 -57.54 -68.48 347.12 280.00 81.71 0.00
0.00 12023.14
175.50 -55.96 -56.20 -69.01 357.00 281.75 74.45 0.00
0.00 12502.84
161.80 -54.66 -54.97 -69.59 367.56 286.63 64.51 0.00
0.00 13021.14
148.00 -54.76 -55.13 -74.92 376.81 287.64 53.24 0.00
0.00 13591.19
134.20 -55.96 -56.31 -75.56 385.36 284.93 45.26 0.00
0.00 14215.22
120.40 -56.26 -56.63 -76.27 396.93 285.83 39.20 0.00
0.00 14904.63
106.70 -55.56 -56.04 -102.22 412.12 272.28 29.37 0.00
0.00 15672.82
92.90 -57.16 -57.62 -102.86 425.58 268.51 29.94 0.00
0.00 16551.73
80.10 -56.16 -56.75 -103.54 446.03 285.55 26.83 0.00
0.00 17491.21
69.80 -54.86 -55.63 -104.16 466.68 289.37 18.75 0.00
0.00 18368.12
61.50 -54.66 -55.54 -104.73 484.29 276.25 14.27 0.00
0.00 19177.44
53.70 -55.26 -56.19 -105.33 502.02 297.00 11.56 0.00
0.00 20043.67
46.40 -54.76 -55.88 -105.98 524.60 270.00 3.30 0.00
0.00 20976.69
39.70 -54.06 -55.44 -106.66 550.24 228.58 8.81 0.00
0.00 21975.24
33.40 -52.46 -54.33 -107.41 582.27 229.40 3.58 0.00
0.00 23087.49
27.60 -52.56 -54.72 -108.22 614.57 128.23 8.17 0.00
0.00 24319.43
22.10 -53.26 -55.64 -86.60 652.83 112.99 13.94 0.00
0.00 25752.21
17.00 -50.96 -54.51 -88.09 710.96 114.78 13.92 0.00
0.00 27449.83
12.30 -46.36 -52.56 -89.89 795.89 83.88 16.42 0.00
0.00 29576.45
STN YYMMDD/HHMM PMSL PRES SKTC STC1 SNFL WTNS
P01M C01M STC2 LCLD MCLD HCLD
SNRA UWND VWND R01M BFGR T2MS
Q2MS WXTS WXTP WXTZ WXTR USTM
VSTM HLCY SLLH WSYM CDBP VSBK
TD2M
240 140412/0100 1012.90 984.90 -273.16 273.10 -9999.00 -9999.00
-9999.00 -9999.00 273.20 -9999.00 -9999.00 -9999.00
0.00 0.80 3.00 -9999.00 -9999.00 -0.16
3.42 0.00 0.00 0.00 0.00 8.50
-9.20 96.90 -9999.00 999.00 -9999.00 20.00
-1.74
240 140412/0200 1014.00 985.90 -273.16 273.10 0.00 -9999.00
0.00 0.00 273.20 -9999.00 -9999.00 -9999.00
0.00 0.80 2.90 0.00 0.00 1.64
3.72 0.00 0.00 0.00 0.00 10.30
-10.30 132.50 -9999.00 999.00 -9999.00 20.00
-0.58
240 140412/0300 1014.20 986.10 -273.16 273.10 0.00 -9999.00
0.00 0.00 273.20 -9999.00 -9999.00 -9999.00
0.00 1.40 2.60 0.00 0.00 1.24
3.74 0.00 0.00 0.00 0.00 11.90
-12.50 119.10 -9999.00 999.00 -9999.00 20.00
-0.51
240 140412/0400 1014.10 985.90 -273.16 273.10 0.00 -9999.00
0.00 0.00 273.20 -9999.00 -9999.00 -9999.00
0.00 1.80 2.20 0.00 0.00 0.54
3.64 0.00 0.00 0.00 0.00 13.10
-13.30 117.00 -9999.00 999.00 -9999.00 20.00
-0.88
240 140412/0500 1016.50 988.20 -273.16 273.10 0.00 -9999.00
0.00 0.00 273.20 -9999.00 -9999.00 -9999.00
0.00 2.00 0.80 0.00 0.00 -0.26
3.49 0.00 0.00 0.00 0.00 13.30
-13.00 56.10 -9999.00 999.00 -9999.00 20.00
-1.42
240 140412/0600 1017.30 988.70 -273.16 273.10 0.00 -9999.00
0.00 0.00 273.20 -9999.00 -9999.00 -9999.00
0.00 2.10 -1.10 0.00 0.00 -2.06
3.07 0.00 0.00 0.00 0.00 15.40
-12.70 -6.00 -9999.00 999.00 -9999.00 20.00
-3.15
240 140412/0700 1017.50 988.80 -273.16 273.10 0.00 -9999.00
0.00 0.00 273.20 -9999.00 -9999.00 -9999.00
0.00 1.80 -1.50 0.00 0.00 -3.06
2.88 0.00 0.00 0.00 0.00 17.00
-12.20 -38.70 -9999.00 999.00 -9999.00 20.00
-4.00
240 140412/0800 1017.90 989.20 -273.16 273.10 0.00 -9999.00
0.00 0.00 273.20 -9999.00 -9999.00 -9999.00
0.00 0.70 -0.80 0.00 0.00 -3.96
2.78 0.00 0.00 0.00 0.00 15.60
-11.80 -70.80 -9999.00 999.00 -9999.00 20.00
-4.46
240 140412/0900 1017.00 988.40 -273.16 273.10 0.00 -9999.00
0.00 0.00 273.20 -9999.00 -9999.00 -9999.00
0.00 0.30 -0.90 0.00 0.00 -4.26
2.70 0.00 0.00 0.00 0.00 13.30
-11.30 -69.00 -9999.00 999.00 -9999.00 20.00
-4.86
240 140412/1000 1017.70 989.00 -273.16 273.10 0.00 -9999.00
0.00 0.00 273.20 -9999.00 -9999.00 -9999.00
0.00 -0.70 -1.70 0.00 0.00 -5.56
2.43 0.00 0.00 0.00 0.00 12.70
-10.90 -40.30 -9999.00 999.00 -9999.00 20.00
-6.24
240 140412/1100 1017.40 988.80 -273.16 273.10 0.00 -9999.00
0.00 0.00 273.20 -9999.00 -9999.00 -9999.00
0.00 -0.20 -1.50 0.00 0.00 -5.76
2.40 0.00 0.00 0.00 0.00 11.30
-10.90 -73.10 -9999.00 999.00 -9999.00 20.00
-6.40
240 140412/1200 1017.30 988.80 -273.16 273.10 0.00 -9999.00
0.00 0.00 273.20 -9999.00 -9999.00 -9999.00
0.00 -1.70 -0.30 0.00 0.00 -3.96
2.75 0.00 0.00 0.00 0.00 13.10
-9.70 -84.40 -9999.00 999.00 -9999.00 20.00
-4.61
240 140412/1300 1018.30 990.30 -273.16 273.10 0.00 -9999.00
0.00 0.00 273.20 -9999.00 -9999.00 -9999.00
0.00 -1.50 0.00 0.00 0.00 -0.36
3.60 0.00 0.00 0.00 0.00 13.00
-7.40 9.30 -9999.00 999.00 -9999.00 20.00
-0.97
240 140412/1400 1019.50 991.60 -273.16 273.10 2.20 -9999.00
0.00 0.00 273.20 -9999.00 -9999.00 -9999.00
0.00 -2.00 0.50 0.04 0.00 1.24
3.98 0.00 0.00 0.00 0.00 10.60
-6.40 38.30 -9999.00 999.00 -9999.00 4.29
0.42
240 140412/1500 1018.70 991.10 -273.16 273.10 6.00 -9999.00
0.01 0.00 273.20 -9999.00 -9999.00 -9999.00
0.00 -2.50 0.50 0.06 0.00 2.14
4.17 0.00 0.00 0.00 0.00 9.30
-3.90 47.80 -9999.00 999.00 -9999.00 2.24
1.06
240 140412/1600 1017.50 990.10 -273.16 273.10 13.60 -9999.00
0.03 0.00 273.20 -9999.00 -9999.00 -9999.00
0.00 -2.80 0.00 0.06 0.00 2.64
4.27 0.00 0.00 0.00 1.00 10.00
-2.10 50.30 -9999.00 60.00 -9999.00 0.90
1.38
240 140412/1700 1016.70 989.50 -273.16 273.10 152.00 -9999.00
0.23 0.00 273.20 -9999.00 -9999.00 -9999.00
0.00 -3.20 0.40 0.05 0.00 2.54
4.40 0.00 0.00 0.00 1.00 8.10
-2.40 46.60 -9999.00 60.00 -9999.00 0.26
1.78
240 140412/1800 1016.00 989.20 -273.16 273.10 486.50 -9999.00
0.93 0.00 273.20 -9999.00 -9999.00 -9999.00
0.00 -3.40 1.00 0.17 0.00 2.14
4.50 0.00 0.00 0.00 1.00 10.70
0.20 123.80 -9999.00 60.00 -9999.00 0.11
2.09
240 140412/1900 1014.30 987.70 -273.16 273.10 1051.00 -9999.00
2.61 0.00 273.20 -9999.00 -9999.00 -9999.00
0.00 -3.90 1.00 0.70 0.00 2.04
4.46 0.00 0.00 0.00 1.00 10.00
1.20 188.50 -9999.00 60.00 970.10 0.06
1.95


