
SNPARM = PRES;TMPC;TMWC;DWPC;THTE;DRCT;SKNT;OMEG;CFRL;HGHT
STNPRM = SHOW;LIFT;SWET;KINX;LCLP;PWAT;TOTL;CAPE;LCLT;CINS;EQLV;LFCT;BRCH

STID = KJXN STNM = 725395 TIME = 140412/0900
SLAT = 42.27 SLON = -84.47 SELV = 294
STIM = 0

SHOW = 5.40 LIFT = 6.72 SWET = 116.28 KINX = 3.24
LCLP = 919.04 PWAT = 8.74 TOTL = 44.32 CAPE = 0.00
LCLT = 272.57 CINS = 0.00 EQLV = -9999.00 LFCT = -9999.00
BRCH = 0.00

PRES TMPC TMWC DWPC THTE DRCT SKNT OMEG
CFRL HGHT
982.30 4.64 2.77 0.33 290.49 164.05 2.83 0.00
0.00 294.82
979.40 8.94 4.96 0.11 295.15 158.75 3.75 0.00
0.00 319.11
974.00 10.74 5.63 -0.53 297.08 196.26 4.86 0.00
0.00 365.02
964.70 12.04 5.88 -1.67 298.52 233.62 9.18 0.00
0.00 445.11
951.10 12.94 5.74 -3.45 299.60 245.18 17.13 0.00
0.00 564.06
933.50 13.24 5.23 -5.66 300.29 249.24 25.78 0.00
0.00 720.84
912.60 12.54 4.45 -7.07 300.87 252.37 30.80 0.00
0.00 910.73
889.70 10.94 3.38 -7.71 301.19 256.13 32.44 0.00
0.00 1122.98
864.80 8.84 2.11 -8.03 301.42 260.36 31.35 0.00
0.00 1358.51
837.00 6.24 0.51 -8.45 301.44 263.87 29.13 0.00
0.00 1627.37
806.30 3.34 -1.34 -8.98 301.48 265.67 25.73 0.00
0.00 1931.85
772.70 -0.06 -3.57 -9.62 301.35 265.56 22.62 0.00
0.00 2274.73
736.10 -3.46 -7.21 -15.82 299.17 284.53 27.11 0.00
0.00 2660.68
696.70 -5.96 -10.43 -25.39 298.58 294.44 32.88 0.00
0.00 3093.25
654.40 -6.96 -12.24 -40.04 301.11 275.35 33.38 0.00
0.00 3582.36
609.20 -9.56 -13.99 -33.60 304.97 267.24 44.37 0.00
0.00 4137.42
561.50 -15.06 -17.84 -29.76 306.34 268.69 50.94 0.00
0.00 4760.15
515.30 -20.76 -21.81 -26.06 308.02 270.40 55.79 0.00
0.00 5401.96
473.70 -25.76 -26.21 -28.41 308.90 274.16 56.32 0.00
0.00 6018.01
436.40 -30.16 -30.56 -33.14 309.80 278.58 56.03 0.00
0.00 6606.90
403.00 -34.06 -34.42 -37.48 311.29 281.38 59.09 0.00
0.00 7168.86
372.70 -37.96 -38.34 -43.04 312.59 282.53 62.72 0.00
0.00 7711.54
345.40 -42.26 -42.56 -47.64 313.32 282.91 67.00 0.00
0.00 8230.54
320.90 -46.26 -46.49 -51.82 314.24 286.68 72.44 0.00
0.00 8723.53
298.90 -49.46 -49.65 -55.40 316.04 293.99 81.27 0.00
0.00 9191.93
279.00 -52.16 -52.35 -60.43 318.31 299.03 88.92 0.00
0.00 9640.36
261.20 -54.86 -54.99 -60.94 320.39 300.55 91.41 0.00
0.00 10064.23
244.60 -57.56 -57.64 -61.45 322.41 300.07 89.62 0.00
0.00 10481.23
229.60 -60.06 -60.12 -64.11 324.44 298.74 86.91 0.00
0.00 10878.31
215.90 -60.96 -61.04 -67.54 328.75 298.82 81.86 0.00
0.00 11261.27
202.20 -59.66 -59.80 -72.83 336.97 300.71 68.51 0.00
0.00 11669.73
188.50 -57.66 -57.86 -73.30 347.01 299.03 54.47 0.00
0.00 12110.24
174.80 -56.06 -56.32 -73.81 357.19 292.47 49.85 0.00
0.00 12587.98
161.10 -55.36 -55.67 -74.35 366.79 287.64 53.24 0.00
0.00 13107.49
147.40 -55.06 -55.41 -74.94 376.73 285.27 52.39 0.00
0.00 13674.49
133.60 -55.16 -55.55 -75.59 387.27 280.60 46.47 0.00
0.00 14301.90
119.90 -55.46 -55.87 -76.30 398.87 275.05 41.95 0.00
0.00 14991.82
106.20 -55.86 -56.30 -77.08 412.16 271.48 37.72 0.00
0.00 15764.30
92.50 -56.56 -57.03 -77.96 427.35 270.34 32.85 0.00
0.00 16641.40
79.80 -57.26 -57.76 -78.90 444.31 270.81 27.60 0.00
0.00 17576.24
69.60 -57.66 -58.22 -104.17 461.07 269.51 22.74 0.00
0.00 18439.72
61.20 -58.16 -58.76 -104.75 477.20 267.43 17.32 0.00
0.00 19250.10
53.50 -57.96 -58.65 -105.35 496.33 272.56 13.04 0.00
0.00 20096.73
46.30 -55.86 -56.86 -105.99 522.28 270.00 9.72 0.00
0.00 21011.66
39.60 -54.16 -55.53 -106.67 550.38 241.11 6.44 0.00
0.00 22009.80
33.30 -53.86 -55.49 -107.42 579.07 207.65 4.61 0.00
0.00 23121.31
27.50 -53.86 -55.75 -85.34 611.67 141.84 3.46 0.00
0.00 24349.77
22.10 -53.96 -56.19 -86.60 650.76 101.00 7.13 0.00
0.00 25752.75
17.00 -52.56 -55.66 -88.09 705.84 90.00 9.52 0.00
0.00 27441.54
12.30 -48.86 -54.06 -89.89 787.12 85.91 13.64 0.00
0.00 29548.74

STID = KJXN STNM = 725395 TIME = 140412/1000
SLAT = 42.27 SLON = -84.47 SELV = 294.00
STIM = 1

SHOW = 4.88 LIFT = 6.36 SWET = 112.99 KINX = 8.16
LCLP = 931.43 PWAT = 9.34 TOTL = 45.51 CAPE = 0.00
LCLT = 272.72 CINS = 0.00 EQLV = -9999.00 LFCT = -9999.00
BRCH = 0.00

PRES TMPC TMWC DWPC THTE DRCT SKNT OMEG
CFRL HGHT
982.40 3.74 2.27 0.29 289.50 160.91 5.35 0.00
0.00 296.48
979.40 8.64 4.82 0.15 294.86 163.01 7.32 0.00
0.00 321.55
974.10 10.74 5.73 -0.24 297.29 202.31 8.19 0.00
0.00 366.58
964.80 12.44 6.04 -1.79 298.85 231.84 13.84 -0.10
0.00 446.71
951.10 13.44 5.88 -3.84 299.87 242.13 22.87 -0.30
0.00 566.72
933.60 13.54 5.42 -5.51 300.68 247.09 29.96 -0.60
0.00 722.82
912.60 12.44 4.55 -6.45 301.11 251.99 33.32 -0.80
0.00 913.68
889.70 10.84 3.52 -6.93 301.52 256.68 33.76 -0.80
0.00 1125.87
864.80 8.84 2.30 -7.25 301.86 260.54 31.92 -0.80
0.00 1361.38
837.00 6.34 0.76 -7.67 301.98 261.76 28.48 -0.60
0.00 1630.32
806.30 3.44 -1.13 -8.40 301.91 258.69 23.79 -0.30
0.00 1934.92
772.70 0.14 -3.60 -10.16 301.28 258.17 20.85 -0.20
0.00 2278.00
736.20 -2.76 -6.91 -16.55 299.67 296.02 27.47 -0.10
0.00 2663.48
696.70 -5.66 -9.58 -20.39 300.13 302.12 31.44 -0.10
0.00 3097.96
654.40 -7.56 -12.38 -33.73 300.97 279.64 31.35 -0.20
0.00 3586.88
609.20 -10.06 -14.61 -38.79 303.88 266.68 43.61 -0.30
0.00 4140.79
561.50 -15.46 -17.91 -27.75 306.26 266.46 50.44 -0.40
0.00 4762.45
515.30 -21.16 -21.68 -23.61 308.23 267.69 53.11 -0.50
0.00 5403.32
473.60 -25.56 -25.82 -26.99 309.53 274.25 52.43 -0.60
0.00 6020.72
436.40 -29.46 -29.70 -31.05 311.09 279.89 55.44 -0.60
0.00 6609.21
403.00 -33.66 -33.88 -35.57 312.09 281.38 61.07 -0.60
0.00 7172.49
372.70 -38.06 -38.29 -40.86 312.67 280.65 66.26 -0.50
0.00 7715.54
345.40 -42.16 -42.32 -44.59 313.68 280.97 71.48 -0.50
0.00 8234.55
320.90 -45.96 -46.08 -48.29 314.85 284.36 76.04 -0.40
0.00 8728.00
298.90 -48.86 -49.05 -54.29 316.93 292.35 82.81 -0.30
0.00 9197.34
279.00 -51.66 -51.89 -62.64 318.99 300.52 90.71 -0.20
0.00 9646.88
261.20 -54.76 -54.91 -63.14 320.50 303.56 95.64 -0.10
0.00 10071.33
244.60 -57.76 -57.83 -61.45 322.12 303.13 94.24 0.00
0.00 10488.22
229.60 -60.46 -60.52 -64.11 323.83 301.05 90.07 0.10
0.00 10884.75
215.90 -61.56 -61.63 -67.54 327.82 300.00 87.09 0.10
0.00 11266.81
202.20 -59.36 -59.48 -68.01 337.49 300.81 75.14 0.20
0.00 11674.98
188.50 -57.06 -57.27 -73.30 347.97 297.44 56.95 0.10
0.00 12116.42
174.80 -56.06 -56.32 -73.81 357.19 288.43 50.40 0.10
0.00 12594.83
161.10 -55.56 -55.86 -74.35 366.45 283.17 52.90 0.10
0.00 13114.09
147.40 -54.96 -55.32 -74.94 376.90 280.68 52.42 0.10
0.00 13680.96
133.70 -54.96 -55.35 -75.58 387.54 275.04 46.44 0.00
0.00 14304.03
119.90 -55.56 -55.97 -76.30 398.68 269.47 42.18 0.00
0.00 14998.88
106.20 -56.16 -56.59 -77.08 411.59 269.43 38.88 0.00
0.00 15770.65
92.50 -56.86 -57.31 -77.96 426.76 273.90 34.29 0.00
0.00 16646.54
79.80 -57.56 -58.04 -78.90 443.69 279.07 28.35 0.00
0.00 17580.08
69.60 -57.96 -58.51 -104.17 460.43 279.87 22.69 0.00
0.00 18442.36
61.30 -58.26 -58.85 -104.74 476.76 278.38 18.67 0.00
0.00 19241.70
53.50 -57.96 -58.65 -105.35 496.33 285.32 14.71 0.00
0.00 20098.42
46.30 -55.46 -56.50 -105.99 523.24 277.67 10.20 0.00
0.00 21014.19
39.60 -54.06 -55.44 -106.67 550.63 236.31 7.71 0.00
0.00 22013.48
33.30 -54.16 -55.74 -107.42 578.28 225.00 5.77 0.00
0.00 23124.48
27.50 -53.86 -55.75 -85.34 611.67 161.57 2.46 0.00
0.00 24352.10
22.10 -54.26 -56.43 -86.60 649.87 108.43 7.99 0.00
0.00 25754.12
17.00 -53.46 -56.32 -88.09 702.96 98.28 10.80 0.00
0.00 27438.30
12.30 -49.36 -54.37 -89.89 785.36 87.88 15.76 0.00
0.00 29538.87

STID = KJXN STNM = 725395 TIME = 140412/1100
SLAT = 42.27 SLON = -84.47 SELV = 294.00
STIM = 2

SHOW = 4.68 LIFT = 6.12 SWET = 104.35 KINX = 10.85
LCLP = 919.20 PWAT = 9.83 TOTL = 45.99 CAPE = 0.00
LCLT = 272.47 CINS = 0.00 EQLV = -9999.00 LFCT = -9999.00
BRCH = 0.00

PRES TMPC TMWC DWPC THTE DRCT SKNT OMEG
CFRL HGHT
982.50 4.54 2.68 0.23 290.29 163.61 3.44 0.00
0.00 296.48
979.60 8.64 4.74 -0.06 294.68 198.43 7.99 0.00
0.00 320.75
974.20 11.14 5.79 -0.64 297.40 225.63 12.51 0.00
0.00 366.65
964.90 13.04 6.25 -2.06 299.28 240.61 19.41 -0.10
0.00 446.92
951.30 13.94 6.20 -3.57 300.55 248.36 26.35 -0.20
0.00 566.26
933.70 13.74 5.70 -4.80 301.32 253.06 30.68 -0.40
0.00 723.42
912.80 12.64 4.86 -5.62 301.80 256.46 32.39 -0.50
0.00 913.50
889.80 10.94 3.78 -6.09 302.11 259.32 31.45 -0.50
0.00 1126.71
865.00 8.94 2.57 -6.41 302.44 260.99 28.54 -0.40
0.00 1361.35
837.20 6.54 1.01 -7.13 302.50 259.73 25.09 -0.20
0.00 1630.38
806.50 3.64 -1.02 -8.40 302.10 253.40 21.09 0.10
0.00 1935.15
772.80 0.54 -3.95 -12.56 300.53 259.30 17.80 0.20
0.00 2279.51
736.30 -2.36 -6.07 -13.69 301.24 301.70 23.30 0.30
0.00 2665.51
696.80 -5.16 -8.83 -17.88 301.47 304.16 26.31 0.30
0.00 3100.74
654.50 -7.36 -12.09 -31.30 301.49 278.24 28.48 0.30
0.00 3590.28
609.20 -10.06 -14.59 -38.36 303.92 268.94 41.99 0.10
0.00 4145.60
561.60 -15.76 -17.59 -23.93 306.82 267.35 50.40 0.00
0.00 4765.59
515.30 -21.06 -21.53 -23.21 308.48 270.21 51.90 -0.10
0.00 5407.61
473.70 -25.26 -25.60 -27.11 309.85 280.78 49.86 -0.30
0.00 6023.97
436.50 -29.36 -29.63 -31.21 311.17 282.72 51.21 -0.30
0.00 6612.80
403.00 -33.56 -33.77 -35.36 312.25 281.42 57.91 -0.30
0.00 7177.94
372.70 -37.66 -37.86 -39.91 313.31 280.13 68.52 -0.30
0.00 7721.57
345.50 -41.76 -41.95 -44.59 314.20 280.42 76.29 -0.40
0.00 8239.49
321.00 -45.06 -45.25 -48.90 316.03 284.54 79.72 -0.40
0.00 8734.19
298.90 -48.26 -48.55 -58.13 317.66 292.66 81.73 -0.30
0.00 9207.15
279.00 -51.26 -51.50 -62.64 319.56 300.26 89.11 -0.30
0.00 9657.69
261.20 -54.16 -54.30 -60.94 321.42 301.81 95.15 -0.20
0.00 10083.11
244.60 -57.36 -57.44 -61.45 322.71 300.54 95.24 -0.10
0.00 10500.97
229.60 -60.36 -60.42 -64.11 323.99 299.73 91.33 0.00
0.00 10897.96
215.90 -61.86 -61.93 -67.54 327.36 297.40 83.63 0.00
0.00 11279.84
202.20 -59.86 -59.97 -68.01 336.70 294.84 74.97 0.10
0.00 11687.24
188.50 -56.46 -56.67 -68.51 348.98 291.30 61.55 0.10
0.00 12128.78
174.80 -55.36 -55.65 -73.81 358.34 283.39 50.35 0.00
0.00 12608.63
161.10 -55.06 -55.38 -74.35 367.29 276.20 52.20 0.00
0.00 13129.32
147.40 -55.06 -55.41 -74.94 376.73 274.70 54.61 0.00
0.00 13696.71
133.70 -55.66 -56.02 -75.58 386.30 273.35 49.85 0.00
0.00 14318.64
120.00 -56.26 -56.64 -76.29 397.31 271.02 43.55 0.00
0.00 15005.96
106.20 -56.56 -56.97 -77.08 410.83 273.59 40.32 0.00
0.00 15781.06
92.50 -57.06 -57.50 -77.96 426.37 278.56 36.56 0.00
0.00 16655.74
79.80 -58.16 -58.61 -78.90 442.46 283.59 30.60 0.00
0.00 17587.55
69.60 -58.96 -59.45 -104.17 458.29 285.62 23.82 0.00
0.00 18446.63
61.30 -58.96 -59.51 -104.74 475.20 284.89 18.91 0.00
0.00 19242.81
53.50 -58.06 -58.75 -105.35 496.10 286.16 13.96 0.00
0.00 20097.93
46.30 -55.56 -56.59 -105.99 523.00 245.22 8.35 0.00
0.00 21013.28
39.60 -54.96 -56.22 -106.67 548.37 206.10 10.61 0.00
0.00 22010.28
33.30 -54.66 -56.16 -107.42 576.96 210.96 5.67 0.00
0.00 23117.73
27.50 -53.56 -55.50 -85.34 612.51 133.15 4.26 0.00
0.00 24344.79
22.10 -53.76 -56.03 -86.60 651.35 110.70 9.35 0.00
0.00 25749.38
17.00 -52.06 -55.30 -88.09 707.44 97.00 11.16 0.00
0.00 27440.85
12.30 -48.66 -53.93 -89.89 787.82 109.09 16.04 0.00
0.00 29551.37

STID = KJXN STNM = 725395 TIME = 140412/1200
SLAT = 42.27 SLON = -84.47 SELV = 294.00
STIM = 3

SHOW = 5.11 LIFT = 6.36 SWET = 88.37 KINX = 9.29
LCLP = 898.51 PWAT = 9.93 TOTL = 45.09 CAPE = 0.00
LCLT = 272.01 CINS = 0.00 EQLV = -9999.00 LFCT = -9999.00
BRCH = 0.00

PRES TMPC TMWC DWPC THTE DRCT SKNT OMEG
CFRL HGHT
981.90 5.84 3.33 0.08 291.60 146.31 2.10 0.00
0.00 295.67
979.00 9.74 5.14 -0.53 295.53 233.37 9.45 0.00
0.00 320.05
973.60 12.14 6.10 -1.20 298.09 240.64 14.27 0.00
0.00 366.15
964.30 13.94 6.52 -2.63 299.89 248.10 20.32 -0.10
0.00 446.72
950.70 14.74 6.43 -4.16 301.07 249.50 25.53 -0.20
0.00 566.48
933.10 14.24 5.80 -5.38 301.56 250.43 27.85 -0.30
0.00 724.09
912.20 12.84 4.81 -6.21 301.72 251.44 28.09 -0.30
0.00 914.51
889.30 11.04 3.72 -6.54 302.00 253.59 26.14 -0.30
0.00 1127.03
864.40 8.94 2.51 -6.66 302.35 253.39 23.12 -0.20
0.00 1362.78
836.70 6.54 1.02 -7.09 302.58 251.22 20.53 -0.10
0.00 1631.02
806.00 3.64 -0.97 -8.21 302.27 248.55 17.54 0.10
0.00 1935.98
772.30 0.74 -3.73 -12.12 301.01 269.08 12.05 0.40
0.00 2280.69
735.80 -1.86 -5.71 -13.43 301.98 302.57 16.61 0.70
0.00 2667.46
696.40 -3.96 -8.06 -17.89 302.88 284.29 21.26 0.60
0.00 3103.23
654.10 -6.06 -11.26 -32.06 302.91 262.50 32.74 0.10
0.00 3595.35
608.90 -9.96 -14.32 -34.47 304.45 268.69 42.39 -0.30
0.00 4151.24
561.20 -15.96 -17.15 -20.76 307.65 268.60 47.83 -0.40
0.00 4772.87
515.00 -20.66 -21.14 -22.83 309.15 278.78 45.83 -0.20
0.00 5414.23
473.40 -24.86 -25.29 -27.24 310.38 285.16 43.10 -0.20
0.00 6031.96
436.20 -29.06 -29.42 -31.54 311.55 283.05 49.08 -0.20
0.00 6622.02
402.70 -33.06 -33.36 -35.58 312.94 284.17 61.95 -0.20
0.00 7188.49
372.50 -37.16 -37.36 -39.33 314.10 284.04 73.73 -0.10
0.00 7731.81
345.20 -40.96 -41.16 -43.76 315.43 282.85 79.55 0.00
0.00 8253.46
320.70 -44.36 -44.76 -54.82 316.82 284.61 80.15 0.10
0.00 8750.21
298.70 -48.06 -48.40 -62.12 317.92 290.98 80.36 0.10
0.00 9222.33
278.90 -50.96 -51.16 -58.68 320.11 298.81 86.73 0.20
0.00 9671.35
261.00 -53.86 -53.99 -59.20 321.97 301.31 93.51 0.10
0.00 10099.98
244.50 -57.26 -57.34 -61.45 322.90 299.48 95.57 0.10
0.00 10515.95
229.50 -60.16 -60.25 -67.10 324.29 298.12 92.79 0.10
0.00 10913.39
215.80 -60.56 -60.65 -67.54 329.42 294.01 79.79 0.10
0.00 11296.79
202.10 -59.86 -59.97 -68.01 336.75 286.08 70.19 0.00
0.00 11705.63
188.40 -58.46 -58.61 -68.51 345.82 284.12 66.14 -0.10
0.00 12145.35
174.70 -55.86 -56.10 -69.05 357.63 281.05 57.83 -0.10
0.00 12622.69
161.00 -55.26 -55.58 -74.36 367.02 273.85 54.94 -0.10
0.00 13142.87
147.30 -56.26 -56.57 -74.95 374.73 277.15 56.22 -0.10
0.00 13708.80
133.60 -56.56 -56.89 -75.59 384.78 282.20 51.51 0.00
0.00 14328.17
119.90 -56.36 -56.73 -76.30 397.22 280.40 43.08 0.00
0.00 15014.45
106.20 -56.46 -56.87 -77.08 411.02 277.26 39.97 0.00
0.00 15784.27
92.50 -57.06 -57.50 -77.96 426.37 280.20 37.33 0.00
0.00 16659.14
79.70 -58.36 -58.82 -103.56 442.14 286.81 30.25 0.00
0.00 17598.43
69.50 -58.76 -59.26 -104.18 458.91 291.11 21.05 0.00
0.00 18458.66
61.20 -57.86 -58.48 -104.75 477.87 287.35 13.03 0.00
0.00 19258.49
53.50 -56.36 -57.19 -105.35 500.02 252.90 7.93 0.00
0.00 20108.86
46.30 -55.26 -56.32 -105.99 523.72 204.15 12.35 0.00
0.00 21028.44
39.60 -55.06 -56.31 -106.67 548.12 216.47 11.12 0.00
0.00 22025.90
33.30 -53.26 -54.99 -107.42 580.66 221.50 6.75 0.00
0.00 23136.64
27.50 -52.66 -54.78 -85.34 615.02 167.01 5.19 0.00
0.00 24370.14
22.10 -53.06 -55.49 -86.60 653.43 125.84 4.32 0.00
0.00 25779.85
17.00 -51.06 -54.59 -88.09 710.64 90.00 5.64 0.00
0.00 27477.85
12.30 -48.36 -53.75 -89.89 788.87 135.00 11.00 0.00
0.00 29594.53

STID = KJXN STNM = 725395 TIME = 140412/1300
SLAT = 42.27 SLON = -84.47 SELV = 294.00
STIM = 4

SHOW = 5.78 LIFT = 6.77 SWET = 207.56 KINX = 4.62
LCLP = 825.61 PWAT = 9.56 TOTL = 43.54 CAPE = 0.00
LCLT = 271.13 CINS = 0.00 EQLV = -9999.00 LFCT = -9999.00
BRCH = 0.00

PRES TMPC TMWC DWPC THTE DRCT SKNT OMEG
CFRL HGHT
981.90 11.74 6.45 0.36 298.06 228.37 4.68 0.00
0.00 295.70
978.90 11.34 6.04 -0.25 297.45 227.29 10.32 0.00
0.00 321.26
973.60 12.34 6.14 -1.39 298.16 227.79 11.28 0.00
0.00 366.66
964.30 14.54 6.61 -3.35 300.04 235.30 18.44 -0.10
0.00 447.34
950.60 15.44 6.49 -5.23 301.16 238.20 22.87 -0.30
0.00 568.24
933.10 14.74 5.79 -6.42 301.47 240.31 23.94 -0.40
0.00 725.27
912.10 13.24 4.86 -6.81 301.80 241.04 22.88 -0.50
0.00 916.89
889.20 11.34 3.78 -6.89 302.13 237.07 20.38 -0.50
0.00 1129.68
864.40 9.24 2.55 -7.11 302.42 232.07 18.97 -0.50
0.00 1364.74
836.60 6.64 0.88 -7.83 302.26 230.03 17.25 -0.40
0.00 1634.14
805.90 3.94 -1.19 -9.69 301.80 232.05 12.33 -0.20
0.00 1939.31
772.30 1.64 -3.32 -12.64 301.77 251.94 9.40 0.10
0.00 2283.73
735.80 -0.36 -5.12 -14.90 303.02 255.44 15.46 0.00
0.00 2672.17
696.40 -3.06 -7.97 -20.82 302.96 245.91 26.19 -0.30
0.00 3109.81
654.10 -7.16 -11.92 -30.83 301.83 247.49 31.98 -0.60
0.00 3601.71
608.90 -10.86 -14.08 -24.86 305.05 270.32 35.18 -0.40
0.00 4155.59
561.20 -15.86 -16.64 -18.80 308.51 281.20 41.02 0.00
0.00 4776.41
514.90 -20.16 -21.13 -24.79 309.17 291.31 37.97 0.30
0.00 5419.99
473.40 -24.16 -24.87 -28.14 311.02 289.32 39.96 0.50
0.00 6037.72
436.20 -28.26 -28.77 -31.71 312.53 287.76 52.25 0.50
0.00 6629.56
402.70 -32.16 -32.66 -36.49 313.97 285.60 65.79 0.50
0.00 7198.01
372.40 -35.76 -36.41 -43.90 315.52 279.13 75.99 0.30
0.00 7745.81
345.20 -39.66 -40.39 -56.97 316.52 278.21 77.58 0.10
0.00 8268.57
320.70 -43.76 -44.30 -61.58 317.49 285.87 76.79 0.00
0.00 8767.33
298.70 -47.26 -47.57 -56.66 319.17 294.47 80.72 -0.10
0.00 9240.91
278.90 -50.16 -50.34 -55.97 321.34 297.68 89.12 -0.10
0.00 9691.53
261.00 -53.56 -53.67 -57.75 322.45 297.62 89.29 -0.20
0.00 10121.24
244.50 -57.06 -57.15 -61.45 323.20 296.00 88.67 -0.20
0.00 10537.69
229.50 -59.66 -59.76 -67.10 325.05 294.01 87.89 -0.20
0.00 10935.77
215.80 -60.56 -60.65 -67.54 329.42 291.90 83.38 -0.20
0.00 11319.62
202.10 -60.76 -60.85 -68.01 335.33 289.75 74.77 -0.20
0.00 11727.61
188.40 -61.26 -61.36 -68.51 341.31 285.58 66.59 -0.10
0.00 12163.52
174.70 -60.56 -60.68 -69.05 349.89 285.27 61.25 0.00
0.00 12632.58
161.00 -57.26 -57.48 -69.62 363.70 280.95 55.24 0.10
0.00 13144.74
147.30 -55.86 -56.18 -74.95 375.42 278.54 53.66 0.10
0.00 13708.60
133.60 -55.46 -55.83 -75.59 386.74 280.37 48.61 0.00
0.00 14330.11
119.90 -56.16 -56.54 -76.30 397.58 278.85 41.70 0.00
0.00 15018.45
106.20 -57.26 -57.64 -77.08 409.51 275.14 39.03 0.00
0.00 15787.20
92.50 -57.76 -58.16 -77.96 424.98 279.36 37.04 0.00
0.00 16659.04
79.70 -58.26 -58.73 -103.56 442.34 286.48 28.78 0.00
0.00 17597.03
69.50 -57.76 -58.32 -104.18 461.05 285.38 16.13 0.00
0.00 18459.46
61.20 -56.86 -57.56 -104.75 480.09 258.69 7.93 0.00
0.00 19263.01
53.50 -56.56 -57.37 -105.35 499.56 219.47 8.56 0.00
0.00 20114.95
46.30 -56.16 -57.13 -105.99 521.56 217.21 13.18 0.00
0.00 21032.21
39.60 -55.26 -56.48 -106.67 547.62 231.79 11.63 0.00
0.00 22027.15
33.30 -54.06 -55.66 -107.42 578.55 227.49 6.33 0.00
0.00 23135.36
27.50 -53.96 -55.83 -85.34 611.40 164.05 2.83 0.00
0.00 24362.98
22.10 -53.66 -55.95 -86.60 651.65 104.93 3.02 0.00
0.00 25766.60
17.00 -51.36 -54.80 -88.09 709.68 83.66 7.04 0.00
0.00 27461.15
12.30 -48.76 -53.99 -89.89 787.47 112.38 7.15 0.00
0.00 29574.51

STID = KJXN STNM = 725395 TIME = 140412/1400
SLAT = 42.27 SLON = -84.47 SELV = 294.00
STIM = 5

SHOW = 7.70 LIFT = 7.49 SWET = 218.28 KINX = 1.02
LCLP = 764.68 PWAT = 8.65 TOTL = 38.90 CAPE = 0.00
LCLT = 269.72 CINS = 0.00 EQLV = -9999.00 LFCT = -9999.00
BRCH = 0.00

PRES TMPC TMWC DWPC THTE DRCT SKNT OMEG
CFRL HGHT
982.00 16.54 8.60 -0.03 302.81 209.25 5.57 0.00
0.00 297.46
979.10 16.14 8.33 -0.28 302.48 208.89 6.44 0.00
0.00 322.58
973.70 15.64 8.01 -0.50 302.32 210.14 6.97 -0.10
0.00 369.48
964.50 15.14 7.15 -2.43 301.28 217.37 13.45 -0.20
0.00 449.84
950.80 15.84 6.61 -5.57 301.35 221.37 17.35 -0.30
0.00 570.94
933.30 15.14 5.95 -6.57 301.79 222.44 18.44 -0.30
0.00 728.14
912.30 13.44 4.99 -6.66 302.08 220.73 18.47 -0.30
0.00 919.92
889.40 11.44 3.78 -7.09 302.10 214.22 17.63 -0.30
0.00 1132.78
864.60 9.34 2.24 -8.57 301.68 208.35 16.79 -0.30
0.00 1367.84
836.80 7.24 0.44 -11.06 301.22 204.10 16.18 -0.30
0.00 1637.44
806.10 4.94 -1.51 -13.79 300.97 206.57 17.39 -0.40
0.00 1943.30
772.50 2.44 -3.57 -16.40 301.12 215.17 20.92 -0.60
0.00 2288.64
736.00 -0.86 -6.26 -19.75 300.77 226.01 23.51 -0.80
0.00 2677.06
696.60 -4.56 -9.11 -22.09 300.91 240.86 25.15 -0.70
0.00 3112.89
654.30 -7.06 -11.55 -27.23 302.50 249.91 27.73 -0.30
0.00 3603.37
609.00 -10.66 -13.36 -21.12 306.31 267.80 30.35 -0.10
0.00 4158.74
561.30 -14.96 -16.21 -19.74 309.21 282.63 34.66 0.20
0.00 4780.80
515.10 -18.76 -20.43 -27.10 310.24 283.19 34.94 0.30
0.00 5425.65
473.50 -22.96 -24.16 -29.88 312.11 286.02 43.68 0.30
0.00 6047.83
436.30 -27.56 -28.49 -34.34 312.93 291.31 58.84 0.20
0.00 6641.77
402.80 -31.86 -32.53 -38.01 314.13 289.33 70.45 0.10
0.00 7211.22
372.60 -35.66 -36.48 -47.58 315.35 283.11 72.85 0.10
0.00 7757.43
345.30 -39.76 -40.50 -58.75 316.32 284.44 73.26 0.20
0.00 8281.88
320.80 -43.96 -44.39 -54.82 317.34 289.23 75.55 0.20
0.00 8780.18
298.80 -47.36 -47.61 -54.30 319.08 289.28 79.49 0.20
0.00 9253.30
278.90 -50.56 -50.73 -55.97 320.77 290.14 80.74 0.20
0.00 9705.62
261.10 -53.56 -53.70 -59.20 322.38 292.06 80.75 0.20
0.00 10132.46
244.50 -56.86 -56.98 -63.64 323.46 292.44 80.97 0.20
0.00 10551.54
229.60 -59.56 -59.66 -67.09 325.16 289.63 82.75 0.10
0.00 10947.16
215.90 -61.26 -61.34 -67.54 328.29 286.71 83.82 0.10
0.00 11330.30
202.20 -61.36 -61.44 -68.01 334.33 286.66 77.30 0.00
0.00 11736.84
188.50 -60.66 -60.77 -68.51 342.22 288.98 64.54 -0.10
0.00 12172.53
174.70 -60.36 -60.48 -69.05 350.22 285.22 57.01 -0.10
0.00 12645.77
161.00 -57.36 -57.58 -69.62 363.53 281.35 55.31 0.00
0.00 13158.06
147.30 -54.96 -55.32 -74.95 376.98 278.65 54.27 0.00
0.00 13722.96
133.60 -55.26 -55.64 -75.59 387.09 279.84 48.93 0.00
0.00 14346.04
119.90 -56.66 -57.02 -76.30 396.67 279.68 42.79 -0.10
0.00 15033.90
106.20 -58.06 -58.40 -77.08 407.99 278.50 38.13 0.00
0.00 15800.34
92.50 -58.16 -58.55 -77.96 424.20 278.36 34.77 0.00
0.00 16669.76
79.80 -57.96 -58.44 -103.55 442.80 283.63 26.40 0.00
0.00 17599.63
69.60 -57.56 -58.13 -104.17 461.28 273.37 13.24 0.00
0.00 18461.90
61.20 -56.86 -57.56 -104.75 480.09 239.04 9.07 0.00
0.00 19274.91
53.50 -56.96 -57.74 -105.35 498.64 229.18 11.30 0.00
0.00 20126.07
46.30 -56.56 -57.48 -105.99 520.60 241.26 13.74 0.00
0.00 21041.64
39.60 -55.46 -56.65 -106.67 547.11 264.17 9.57 0.00
0.00 22035.20
33.30 -54.16 -55.74 -107.42 578.28 281.31 2.97 0.00
0.00 23142.66
27.50 -53.86 -55.75 -85.34 611.67 60.26 1.57 0.00
0.00 24370.27
22.10 -53.36 -55.72 -86.60 652.54 64.80 3.65 0.00
0.00 25775.18
17.00 -52.16 -55.37 -88.09 707.12 92.86 7.78 0.00
0.00 27467.81
12.30 -49.46 -54.43 -89.89 785.01 77.28 6.18 0.00
0.00 29574.06

STID = KJXN STNM = 725395 TIME = 140412/1500
SLAT = 42.27 SLON = -84.47 SELV = 294.00
STIM = 6

SHOW = 8.26 LIFT = 6.85 SWET = 228.93 KINX = 1.61
LCLP = 704.96 PWAT = 8.98 TOTL = 37.75 CAPE = 0.00
LCLT = 267.01 CINS = 0.00 EQLV = -9999.00 LFCT = -9999.00
BRCH = 0.00

PRES TMPC TMWC DWPC THTE DRCT SKNT OMEG
CFRL HGHT
981.60 20.34 9.82 -1.71 305.56 195.95 12.74 0.00
0.00 296.63
978.70 19.84 9.43 -2.27 304.92 196.05 14.77 -0.10
0.00 322.08
973.30 19.24 9.06 -2.55 304.63 196.23 15.99 -0.20
0.00 369.58
964.10 18.34 8.51 -2.93 304.34 196.13 16.79 -0.50
0.00 450.90
950.40 17.04 7.71 -3.42 304.02 196.46 17.84 -0.80
0.00 572.98
932.90 15.44 6.64 -4.32 303.51 196.93 18.69 -1.10
0.00 730.71
911.90 13.44 5.34 -5.25 302.96 197.19 19.74 -1.30
0.00 922.72
889.00 11.34 3.98 -6.11 302.61 197.42 20.78 -1.40
0.00 1135.66
864.20 9.34 2.25 -8.52 301.75 195.95 21.23 -1.30
0.00 1370.81
836.40 7.24 0.39 -11.32 301.14 197.47 22.01 -1.30
0.00 1640.53
805.70 4.74 -1.62 -13.72 300.82 206.80 21.56 -1.10
0.00 1946.43
772.20 1.74 -3.99 -16.40 300.39 220.24 19.86 -0.90
0.00 2290.34
735.70 -1.76 -6.68 -18.83 300.08 230.71 22.10 -0.70
0.00 2677.79
696.30 -4.76 -9.11 -21.16 300.97 245.10 24.00 -0.50
0.00 3112.93
654.00 -6.86 -11.13 -24.61 303.32 248.12 27.65 -0.30
0.00 3603.66
608.70 -10.66 -13.28 -20.64 306.51 260.35 28.98 -0.10
0.00 4159.55
561.00 -14.66 -16.11 -20.24 309.43 271.40 31.89 0.10
0.00 4782.29
514.80 -18.26 -19.96 -26.45 311.06 272.60 34.25 0.20
0.00 5428.49
473.30 -22.36 -23.79 -30.69 312.73 288.27 42.78 0.30
0.00 6050.85
436.10 -26.36 -27.35 -32.96 314.75 292.74 57.33 0.30
0.00 6647.21
402.60 -30.46 -31.61 -42.32 315.54 287.58 65.66 0.40
0.00 7219.96
372.40 -35.16 -36.03 -47.58 316.06 289.03 70.94 0.50
0.00 7768.61
345.20 -39.36 -40.04 -53.09 317.05 292.32 76.27 0.50
0.00 8292.36
320.70 -43.46 -43.89 -53.71 318.10 293.16 80.55 0.30
0.00 8791.78
298.60 -47.46 -47.71 -54.30 319.00 291.90 80.24 0.20
0.00 9267.70
278.80 -51.06 -51.21 -55.97 320.08 290.49 78.85 0.20
0.00 9717.38
261.00 -54.26 -54.35 -57.75 321.42 289.07 77.33 0.40
0.00 10143.22
244.40 -57.16 -57.24 -61.45 323.09 287.35 77.59 0.40
0.00 10561.51
229.50 -59.46 -59.56 -67.10 325.35 283.77 80.85 0.30
0.00 10957.11
215.80 -60.66 -60.75 -67.54 329.26 281.36 82.88 0.10
0.00 11341.06
202.10 -60.86 -60.95 -68.01 335.17 283.17 77.66 -0.10
0.00 11748.85
188.40 -60.76 -60.86 -68.51 342.11 286.50 65.69 -0.20
0.00 12185.17
174.70 -61.26 -61.37 -69.05 348.74 288.98 57.97 -0.10
0.00 12654.01
161.00 -58.86 -59.03 -69.62 361.01 284.73 54.27 0.00
0.00 13163.42
147.30 -56.16 -56.47 -74.95 374.90 284.23 55.35 0.00
0.00 13724.81
133.60 -55.86 -56.21 -75.59 386.03 282.84 49.84 0.00
0.00 14345.32
119.90 -57.16 -57.50 -76.30 395.75 282.36 41.79 0.00
0.00 15031.44
106.20 -58.66 -58.98 -77.08 406.85 279.67 35.89 0.00
0.00 15795.93
92.50 -58.36 -58.74 -77.96 423.80 277.30 32.14 0.00
0.00 16663.73
79.70 -57.46 -57.97 -103.56 443.99 277.02 25.46 0.00
0.00 17602.15
69.50 -57.66 -58.23 -104.18 461.26 255.96 15.23 0.00
0.00 18466.38
61.20 -57.86 -58.48 -104.75 477.87 242.10 14.96 0.00
0.00 19268.26
53.50 -58.16 -58.84 -105.35 495.87 252.05 14.51 0.00
0.00 20115.08
46.30 -57.26 -58.12 -105.99 518.92 269.23 14.39 0.00
0.00 21026.63
39.50 -55.66 -56.83 -106.68 547.00 293.70 8.70 0.00
0.00 22034.18
33.30 -54.36 -55.91 -107.42 577.75 319.40 1.79 0.00
0.00 23124.47
27.50 -53.66 -55.59 -85.34 612.23 72.90 2.64 0.00
0.00 24352.08
22.10 -53.26 -55.64 -86.60 652.83 82.50 7.45 0.00
0.00 25757.95
17.00 -52.16 -55.37 -88.09 707.12 103.13 11.98 0.00
0.00 27450.96
12.30 -48.96 -54.12 -89.89 786.77 115.64 10.78 0.00
0.00 29559.58

STID = KJXN STNM = 725395 TIME = 140412/1600
SLAT = 42.27 SLON = -84.47 SELV = 294.00
STIM = 7

SHOW = 9.29 LIFT = 7.66 SWET = 232.62 KINX = -2.37
LCLP = 689.71 PWAT = 9.46 TOTL = 35.04 CAPE = 0.00
LCLT = 265.70 CINS = 0.00 EQLV = -9999.00 LFCT = -9999.00
BRCH = 0.00

PRES TMPC TMWC DWPC THTE DRCT SKNT OMEG
CFRL HGHT
980.50 20.64 9.66 -2.79 305.22 183.45 16.16 0.10
0.00 296.64
977.60 19.94 9.14 -3.56 304.25 183.50 19.08 0.10
0.00 322.13
972.30 19.34 8.74 -3.95 303.89 183.27 20.44 0.10
0.00 368.81
963.00 18.44 8.21 -4.26 303.67 183.67 21.23 0.10
0.00 451.11
949.40 17.14 7.42 -4.72 303.37 184.01 22.21 0.10
0.00 572.46
931.90 15.54 6.45 -5.25 303.13 184.40 22.81 0.20
0.00 730.38
910.90 13.64 5.30 -5.79 302.95 184.80 23.21 0.10
0.00 922.68
888.10 11.54 3.95 -6.61 302.62 185.15 23.81 0.10
0.00 1135.05
863.20 9.54 1.91 -10.54 301.07 186.49 24.06 0.00
0.00 1371.54
835.50 7.14 0.04 -12.77 300.50 192.32 23.68 -0.20
0.00 1640.60
804.90 4.44 -1.93 -14.50 300.28 203.54 21.41 -0.40
0.00 1945.56
771.40 1.44 -3.62 -13.46 301.29 210.96 20.40 -0.40
0.00 2289.48
734.90 -0.96 -5.88 -16.99 301.67 231.84 20.77 -0.40
0.00 2677.76
695.50 -3.06 -8.10 -21.75 302.83 247.57 26.50 -0.40
0.00 3115.43
653.30 -5.96 -9.90 -20.11 305.67 244.10 29.82 -0.30
0.00 3607.98
608.10 -9.86 -11.55 -15.24 309.73 261.63 33.40 -0.30
0.00 4165.18
560.40 -13.86 -15.41 -19.60 310.74 265.60 35.48 -0.20
0.00 4790.63
514.30 -17.66 -19.46 -26.09 311.98 267.68 33.66 -0.10
0.00 5437.88
472.70 -21.96 -23.20 -28.57 313.81 279.02 40.94 0.00
0.00 6063.69
435.60 -25.86 -27.02 -33.74 315.35 283.12 53.09 0.10
0.00 6660.27
402.20 -30.56 -31.48 -38.88 315.85 295.59 61.21 0.20
0.00 7232.40
372.00 -35.06 -35.67 -41.91 316.73 289.48 70.52 0.10
0.00 7781.65
344.80 -39.46 -39.78 -43.77 317.58 283.01 78.60 0.00
0.00 8306.03
320.30 -43.56 -43.91 -51.01 318.19 287.00 81.10 -0.10
0.00 8805.86
298.30 -47.16 -47.50 -58.14 319.40 291.41 79.34 -0.10
0.00 9280.37
278.50 -50.96 -51.19 -60.44 320.20 296.57 79.54 -0.10
0.00 9730.92
260.70 -53.96 -54.11 -60.96 321.89 294.98 75.48 -0.10
0.00 10157.61
244.20 -56.76 -56.88 -63.65 323.72 287.11 72.00 0.00
0.00 10574.45
229.20 -59.56 -59.66 -67.11 325.32 280.90 74.03 0.10
0.00 10973.41
215.50 -62.46 -62.52 -67.55 326.60 279.32 79.19 0.20
0.00 11356.16
201.80 -63.36 -63.42 -68.02 331.36 284.41 79.68 0.10
0.00 11760.40
188.20 -60.96 -61.06 -68.52 341.89 289.03 71.55 0.00
0.00 12191.34
174.50 -58.06 -58.24 -69.05 354.12 290.48 54.99 0.00
0.00 12664.01
160.80 -58.86 -59.03 -69.63 361.14 287.93 48.62 0.00
0.00 13177.86
147.10 -56.16 -56.47 -74.96 375.05 282.26 54.90 0.00
0.00 13739.98
133.40 -56.36 -56.69 -75.60 385.30 281.83 50.25 0.00
0.00 14360.66
119.70 -57.56 -57.88 -76.31 395.21 283.09 42.91 0.00
0.00 15046.44
106.10 -58.76 -59.07 -77.09 406.77 282.78 34.28 0.00
0.00 15805.46
92.40 -58.66 -59.02 -77.97 423.34 276.22 30.50 0.00
0.00 16673.33
79.70 -57.46 -57.97 -103.56 443.99 272.20 25.29 0.00
0.00 17604.29
69.50 -57.86 -58.41 -104.18 460.83 250.56 17.52 0.00
0.00 18468.12
61.20 -58.66 -59.23 -104.75 476.09 250.95 17.27 0.00
0.00 19268.13
53.40 -58.36 -59.02 -105.36 495.67 268.47 14.58 0.00
0.00 20124.75
46.20 -56.96 -57.85 -106.00 519.96 279.32 13.20 0.00
0.00 21038.34
39.50 -55.26 -56.48 -106.68 548.01 283.13 5.99 0.00
0.00 22033.78
33.30 -54.56 -56.08 -107.42 577.23 225.00 1.37 0.00
0.00 23124.57
27.50 -53.66 -55.59 -85.34 612.23 73.61 3.44 0.00
0.00 24351.63
22.00 -53.16 -55.57 -86.63 653.98 77.69 10.94 0.00
0.00 25786.98
17.00 -50.36 -54.10 -88.09 712.88 96.46 10.37 0.00
0.00 27457.90
12.30 -47.06 -52.97 -89.89 793.43 136.68 9.35 0.00
0.00 29584.05

STID = KJXN STNM = 725395 TIME = 140412/1700
SLAT = 42.27 SLON = -84.47 SELV = 294.00
STIM = 8

SHOW = 7.72 LIFT = 7.29 SWET = 232.13 KINX = 13.99
LCLP = 682.18 PWAT = 13.02 TOTL = 39.52 CAPE = 0.00
LCLT = 265.32 CINS = 0.00 EQLV = -9999.00 LFCT = -9999.00
BRCH = 0.00

PRES TMPC TMWC DWPC THTE DRCT SKNT OMEG
CFRL HGHT
980.60 21.14 9.82 -3.04 305.56 184.76 16.38 0.10
0.00 294.00
977.60 20.34 9.26 -3.79 304.52 185.25 19.13 0.10
0.00 320.41
972.30 19.74 8.87 -4.18 304.17 185.49 20.31 0.10
0.00 367.15
963.00 18.84 8.34 -4.49 303.95 185.82 21.10 0.00
0.00 449.56
949.40 17.54 7.58 -4.86 303.71 186.12 21.90 0.00
0.00 571.07
931.90 15.94 6.63 -5.30 303.52 186.39 22.69 0.00
0.00 729.21
911.00 14.04 5.48 -5.83 303.34 187.18 23.31 -0.10
0.00 920.85
888.10 11.84 4.16 -6.36 303.09 188.53 23.59 -0.20
0.00 1134.40
863.30 9.54 2.76 -6.87 303.00 189.85 23.87 -0.20
0.00 1370.11
835.60 6.94 1.10 -7.59 302.84 192.82 24.52 -0.30
0.00 1639.16
805.00 4.14 -0.59 -7.83 303.17 200.97 24.98 -0.30
0.00 1944.00
771.30 1.84 -2.37 -9.23 303.85 211.12 24.07 -0.40
0.00 2290.22
734.90 0.14 -3.85 -10.69 305.70 242.80 23.39 -0.50
0.00 2678.72
695.50 -2.26 -4.54 -8.02 309.92 254.21 29.29 -0.50
0.00 3118.31
653.10 -5.66 -7.18 -9.70 310.98 248.47 30.72 -0.30
0.00 3614.84
607.90 -10.06 -10.96 -12.73 310.87 264.69 33.58 -0.10
0.00 4172.67
560.30 -13.96 -15.35 -19.05 310.85 266.09 37.02 0.00
0.00 4796.70
514.10 -17.86 -19.29 -24.15 312.32 264.29 35.16 0.20
0.00 5445.21
472.60 -21.96 -22.78 -25.95 314.52 272.09 42.60 0.30
0.00 6069.54
435.50 -26.06 -26.65 -29.45 316.00 270.00 50.15 0.20
0.00 6666.09
402.10 -30.36 -30.61 -32.07 317.25 277.80 61.60 0.10
0.00 7238.46
371.80 -34.56 -35.07 -39.64 317.69 290.93 69.09 0.00
0.00 7790.61
344.70 -39.26 -39.86 -49.62 317.47 289.68 68.12 0.10
0.00 8314.05
320.20 -43.56 -43.92 -51.02 318.22 286.05 75.24 0.10
0.00 8814.23
298.20 -47.06 -47.40 -58.14 319.57 286.14 79.73 0.10
0.00 9289.00
278.40 -50.76 -51.02 -62.66 320.48 290.04 78.83 0.10
0.00 9740.00
260.60 -54.16 -54.33 -63.16 321.59 292.14 78.91 0.00
0.00 10166.85
244.10 -56.56 -56.71 -66.65 324.02 287.53 78.07 0.00
0.00 10583.86
229.10 -58.96 -59.07 -67.11 326.28 283.17 75.06 0.00
0.00 10983.72
215.50 -61.26 -61.34 -67.55 328.46 282.45 73.05 0.00
0.00 11365.37
201.80 -62.96 -63.02 -68.02 331.99 285.41 70.97 0.00
0.00 11771.16
188.10 -63.76 -63.82 -68.52 337.43 288.81 66.33 0.00
0.00 12202.90
174.40 -60.46 -60.58 -69.06 350.23 287.41 64.98 0.00
0.00 12670.08
160.70 -55.26 -55.55 -69.63 367.27 282.73 53.81 0.00
0.00 13185.68
147.10 -56.46 -56.76 -74.96 374.53 275.30 46.27 -0.10
0.00 13748.14
133.40 -57.56 -57.85 -75.60 383.17 278.03 48.68 -0.10
0.00 14366.67
119.70 -58.46 -58.75 -76.31 393.56 282.66 45.22 0.00
0.00 15049.12
106.00 -58.46 -58.78 -77.09 407.45 283.65 34.60 0.00
0.00 15813.01
92.30 -58.26 -58.64 -77.98 424.26 273.01 29.59 0.00
0.00 16683.18
79.60 -56.96 -57.50 -103.56 445.18 267.85 25.87 0.00
0.00 17617.17
69.40 -57.36 -57.95 -104.19 462.09 247.56 19.35 0.00
0.00 18484.17
61.10 -58.76 -59.32 -104.76 476.09 258.11 18.87 0.00
0.00 19286.16
53.40 -58.26 -58.93 -105.36 495.90 269.24 14.58 0.00
0.00 20132.50
46.20 -56.96 -57.85 -106.00 519.96 265.46 12.28 0.00
0.00 21046.31
39.50 -55.46 -56.66 -106.68 547.51 258.69 5.95 0.00
0.00 22041.29
33.30 -54.56 -56.08 -107.42 577.23 254.05 1.42 0.00
0.00 23131.58
27.50 -53.36 -55.34 -85.34 613.07 97.13 4.70 0.00
0.00 24359.47
22.00 -53.56 -55.88 -86.63 652.79 100.68 10.48 0.00
0.00 25794.50
17.00 -51.36 -54.80 -88.09 709.68 88.41 7.00 0.00
0.00 27460.14
12.30 -47.16 -53.03 -89.89 793.08 66.25 5.31 0.00
0.00 29581.08

STID = KJXN STNM = 725395 TIME = 140412/1800
SLAT = 42.27 SLON = -84.47 SELV = 294.00
STIM = 9

SHOW = 6.42 LIFT = 6.22 SWET = 233.10 KINX = 21.93
LCLP = 712.10 PWAT = 17.14 TOTL = 42.24 CAPE = 0.00
LCLT = 269.20 CINS = 0.00 EQLV = -9999.00 LFCT = -9999.00
BRCH = 0.00

PRES TMPC TMWC DWPC THTE DRCT SKNT OMEG
CFRL HGHT
979.80 21.74 11.02 0.40 308.88 200.47 15.56 0.10
0.00 294.00
976.90 21.04 10.54 -0.17 307.97 200.19 18.02 0.00
0.00 319.62
971.60 20.44 10.18 -0.42 307.67 200.28 19.07 0.00
0.00 366.53
962.30 19.54 9.67 -0.66 307.48 200.22 19.68 -0.10
0.00 449.25
948.70 18.24 8.95 -0.96 307.27 199.98 20.48 -0.30
0.00 571.21
931.20 16.54 8.02 -1.25 307.07 200.43 21.16 -0.50
0.00 729.92
910.30 14.64 6.95 -1.60 307.01 200.38 21.77 -0.70
0.00 922.21
887.40 12.44 5.71 -1.98 306.86 200.50 22.20 -0.90
0.00 1136.52
862.60 10.14 4.40 -2.32 306.88 200.32 22.39 -1.10
0.00 1373.06
834.90 7.44 2.84 -2.73 306.83 200.44 22.82 -1.40
0.00 1643.04
804.20 4.44 1.10 -3.05 306.95 200.27 23.00 -1.60
0.00 1949.81
770.70 1.84 -1.13 -5.21 306.55 214.51 22.65 -1.60
0.00 2294.69
734.20 -0.36 -2.71 -6.05 308.20 246.32 24.20 -1.40
0.00 2684.46
694.80 -2.96 -3.76 -4.86 311.65 256.18 25.22 -1.00
0.00 3123.76
652.50 -6.06 -6.08 -6.13 313.28 255.40 23.90 -0.50
0.00 3618.84
607.30 -9.36 -9.61 -10.05 313.52 263.05 32.11 0.00
0.00 4177.77
559.70 -13.56 -14.85 -18.10 311.84 259.16 37.21 0.40
0.00 4803.90
513.60 -16.86 -17.84 -20.61 314.89 263.44 44.22 0.50
0.00 5453.52
472.10 -20.16 -21.12 -24.39 317.37 270.95 58.91 0.30
0.00 6082.04
435.00 -25.16 -25.76 -28.40 317.52 272.66 58.57 0.00
0.00 6682.53
401.60 -30.26 -30.64 -32.91 317.32 283.16 58.89 0.00
0.00 7256.76
371.40 -34.86 -35.29 -39.08 317.46 283.90 60.67 0.10
0.00 7807.50
344.30 -38.86 -39.40 -47.09 318.27 280.89 67.90 0.30
0.00 8331.64
319.90 -42.76 -43.26 -54.84 319.26 282.86 73.37 0.20
0.00 8831.60
297.90 -47.06 -47.35 -55.43 319.74 289.79 75.20 0.20
0.00 9307.66
278.10 -51.16 -51.33 -57.24 320.12 290.81 77.15 0.20
0.00 9758.74
260.30 -54.86 -54.99 -60.97 320.71 290.02 77.79 0.20
0.00 10185.00
243.80 -57.96 -58.05 -63.66 322.08 288.16 77.33 0.20
0.00 10600.49
228.90 -59.86 -59.95 -67.11 324.99 284.90 77.84 0.20
0.00 10995.99
215.20 -60.66 -60.75 -67.56 329.52 283.69 77.22 0.10
0.00 11380.61
201.60 -61.36 -61.44 -68.03 334.61 284.81 72.99 -0.10
0.00 11786.01
187.90 -61.66 -61.75 -68.53 340.92 285.53 63.15 -0.20
0.00 12222.02
174.20 -62.26 -62.35 -69.07 347.38 287.50 60.12 -0.10
0.00 12690.05
160.60 -58.46 -58.65 -69.64 361.94 286.37 61.39 0.00
0.00 13196.39
146.90 -56.16 -56.47 -74.97 375.19 277.00 54.25 0.00
0.00 13759.76
133.20 -57.46 -57.75 -75.61 383.51 278.26 48.71 -0.10
0.00 14379.75
119.60 -59.26 -59.52 -76.31 392.18 285.18 40.08 0.00
0.00 15056.91
105.90 -58.66 -58.98 -77.10 407.18 284.61 33.14 0.00
0.00 15819.70
92.20 -57.66 -58.10 -102.89 425.51 266.75 27.45 0.00
0.00 16691.55
79.50 -57.36 -57.88 -103.57 444.52 260.81 26.78 0.00
0.00 17627.07
69.40 -57.76 -58.32 -104.19 461.24 247.54 21.88 0.00
0.00 18484.53
61.10 -58.86 -59.41 -104.76 475.87 262.03 19.63 0.00
0.00 19285.59
53.40 -57.66 -58.38 -105.36 497.29 270.00 12.25 0.00
0.00 20132.91
46.20 -55.96 -56.95 -106.00 522.36 259.70 8.69 0.00
0.00 21050.11
39.50 -54.56 -55.88 -106.68 549.77 240.95 4.00 0.00
0.00 22049.45
33.30 -53.76 -55.41 -107.42 579.34 205.02 3.22 0.00
0.00 23143.98
27.40 -52.86 -54.95 -85.36 615.10 141.63 5.95 0.00
0.00 24398.97
22.00 -54.16 -56.35 -86.63 651.01 114.54 9.83 0.00
0.00 25810.25
17.00 -53.16 -56.10 -88.09 703.92 74.62 8.06 0.00
0.00 27466.83
12.30 -47.76 -53.39 -89.89 790.98 48.72 10.61 0.00
0.00 29576.40

STID = KJXN STNM = 725395 TIME = 140412/1900
SLAT = 42.27 SLON = -84.47 SELV = 294.00
STIM = 10

SHOW = 4.27 LIFT = 4.18 SWET = 237.47 KINX = 24.69
LCLP = 759.27 PWAT = 19.38 TOTL = 45.88 CAPE = 0.00
LCLT = 273.56 CINS = 0.00 EQLV = -9999.00 LFCT = -9999.00
BRCH = 0.00

PRES TMPC TMWC DWPC THTE DRCT SKNT OMEG
CFRL HGHT
979.40 21.04 11.92 3.99 311.57 202.96 12.46 0.10
0.00 294.00
976.40 20.64 11.60 3.59 311.05 202.91 14.98 0.10
0.00 320.48
971.10 20.14 11.29 3.37 310.86 202.83 16.03 0.00
0.00 367.40
961.80 19.34 10.84 3.15 310.77 203.03 16.90 0.00
0.00 450.15
948.20 18.14 10.19 2.89 310.70 202.52 17.25 0.00
0.00 572.20
930.70 16.54 9.33 2.60 310.61 202.62 17.69 0.00
0.00 731.08
909.80 14.64 8.30 2.26 310.55 202.15 18.05 0.00
0.00 923.62
886.90 12.54 7.14 1.87 310.50 201.91 18.23 0.00
0.00 1138.24
862.10 10.24 5.84 1.45 310.47 201.91 18.23 0.00
0.00 1375.17
834.30 7.64 4.35 0.97 310.48 202.48 18.30 0.10
0.00 1646.65
803.70 4.94 2.16 -0.99 309.38 206.02 18.17 0.10
0.00 1953.17
770.10 2.84 -0.64 -5.38 307.63 225.42 18.83 -0.10
0.00 2300.32
733.70 0.64 -2.63 -7.46 308.40 241.79 24.26 -0.30
0.00 2690.69
694.30 -2.96 -4.06 -5.61 311.10 244.74 30.52 -0.40
0.00 3131.03
652.00 -5.96 -5.98 -6.04 313.55 242.73 35.21 -0.40
0.00 3626.54
606.80 -9.06 -9.10 -9.18 314.58 244.96 35.83 -0.40
0.00 4186.38
559.30 -13.76 -14.27 -15.40 312.96 248.48 36.57 -0.30
0.00 4811.91
513.20 -16.46 -17.59 -20.78 315.39 265.99 44.43 -0.10
0.00 5462.35
471.70 -20.66 -21.23 -23.09 317.28 276.09 49.46 0.10
0.00 6091.28
434.70 -25.26 -25.98 -29.33 317.22 279.02 49.60 0.20
0.00 6689.91
401.30 -29.56 -30.35 -35.62 317.82 277.57 53.14 0.10
0.00 7265.22
371.20 -33.86 -34.48 -39.95 318.74 283.75 57.23 0.00
0.00 7816.40
344.00 -38.46 -38.89 -44.20 319.11 287.54 63.20 0.00
0.00 8344.41
319.60 -42.86 -43.24 -50.28 319.40 288.59 70.14 0.00
0.00 8845.16
297.70 -46.96 -47.23 -54.33 319.98 285.82 75.56 0.00
0.00 9319.45
277.90 -50.66 -50.90 -60.46 320.83 283.96 74.91 0.00
0.00 9771.44
260.10 -54.26 -54.43 -63.17 321.62 282.98 71.81 0.00
0.00 10199.08
243.60 -57.66 -57.76 -63.67 322.60 281.01 72.28 0.10
0.00 10615.77
228.70 -60.66 -60.71 -64.14 323.89 279.95 75.39 0.10
0.00 11011.14
215.10 -62.36 -62.42 -67.56 326.93 281.56 79.56 0.20
0.00 11390.97
201.40 -61.96 -62.04 -68.03 333.76 285.65 77.11 0.10
0.00 11797.43
187.80 -61.36 -61.45 -68.53 341.46 290.46 66.18 0.00
0.00 12230.28
174.10 -60.96 -61.07 -69.07 349.58 284.04 56.10 -0.10
0.00 12700.34
160.50 -59.96 -60.11 -69.64 359.47 282.48 53.95 -0.10
0.00 13206.74
146.80 -58.16 -58.38 -70.27 371.86 282.69 53.99 -0.10
0.00 13765.91
133.10 -57.26 -57.56 -75.61 383.95 280.09 46.59 0.00
0.00 14383.77
119.50 -58.86 -59.13 -76.32 393.01 280.85 38.20 0.00
0.00 15062.41
105.80 -58.56 -58.88 -77.10 407.48 279.95 33.75 0.00
0.00 15826.77
92.20 -58.26 -58.67 -102.89 424.33 263.38 30.33 0.00
0.00 16691.67
79.50 -58.56 -59.01 -103.57 442.04 261.72 31.04 0.00
0.00 17623.28
69.30 -58.56 -59.07 -104.19 459.71 260.17 25.05 0.00
0.00 18485.83
61.00 -58.56 -59.14 -104.77 476.76 266.67 20.06 0.00
0.00 19287.18
53.30 -57.16 -57.92 -105.37 498.71 266.93 10.90 0.00
0.00 20137.58
46.10 -55.36 -56.42 -106.01 524.13 252.03 7.56 0.00
0.00 21058.96
39.40 -54.06 -55.45 -106.69 551.43 239.04 3.40 0.00
0.00 22063.17
33.20 -53.56 -55.25 -107.43 580.36 188.53 3.93 0.00
0.00 23162.50
27.40 -53.46 -55.43 -85.36 613.43 149.62 6.53 0.00
0.00 24397.00
22.00 -53.96 -56.20 -86.63 651.60 112.83 8.01 0.00
0.00 25806.99
17.00 -52.46 -55.58 -88.09 706.16 80.91 9.84 0.00
0.00 27466.97
12.30 -47.96 -53.51 -89.89 790.28 57.14 11.11 0.00
0.00 29578.91

STID = KJXN STNM = 725395 TIME = 140412/2000
SLAT = 42.27 SLON = -84.47 SELV = 294.00
STIM = 11

SHOW = 0.95 LIFT = 0.81 SWET = 323.41 KINX = 22.21
LCLP = 804.76 PWAT = 21.21 TOTL = 50.82 CAPE = 50.08
LCLT = 278.34 CINS = -43.18 EQLV = 524.33 LFCT = 686.33
BRCH = 1.11

PRES TMPC TMWC DWPC THTE DRCT SKNT OMEG
CFRL HGHT
978.20 21.14 13.59 8.03 316.64 204.30 13.22 0.10
0.00 294.00
975.20 20.64 13.26 7.75 316.06 204.39 16.01 0.10
0.00 320.55
969.90 20.04 12.93 7.56 315.76 204.29 17.49 0.10
0.00 367.56
960.60 19.24 12.50 7.36 315.68 204.44 18.79 0.10
0.00 450.47
947.00 17.94 11.83 7.11 315.50 204.54 19.66 0.10
0.00 572.74
929.50 16.44 11.04 6.81 315.51 205.11 20.61 0.10
0.00 731.91
908.50 14.54 10.05 6.46 315.46 205.14 21.04 0.10
0.00 925.77
885.70 12.44 8.94 6.09 315.43 205.64 21.56 0.20
0.00 1139.89
860.80 10.04 7.67 5.68 315.33 205.66 22.00 0.20
0.00 1378.24
833.10 7.44 6.19 5.08 315.19 206.57 22.17 0.20
0.00 1649.23
802.40 5.34 3.54 1.75 312.80 220.65 23.57 0.10
0.00 1957.59
768.90 4.04 -0.42 -6.68 308.20 239.47 26.40 0.00
0.00 2305.32
732.60 1.64 -3.08 -11.00 307.52 245.89 30.45 -0.20
0.00 2696.65
693.30 -1.76 -5.37 -11.74 308.50 240.71 36.55 -0.30
0.00 3138.02
651.10 -6.36 -7.68 -9.92 310.32 234.52 43.20 -0.20
0.00 3633.45
606.00 -9.16 -9.43 -9.90 314.07 235.63 40.98 0.10
0.00 4192.08
558.50 -13.56 -13.91 -14.68 313.73 241.03 39.33 0.30
0.00 4818.58
512.50 -17.26 -17.79 -19.20 315.20 257.89 43.54 0.30
0.00 5467.83
471.10 -20.36 -21.05 -23.28 317.70 277.51 53.53 0.30
0.00 6095.49
434.00 -24.16 -25.09 -29.21 318.81 280.66 56.77 0.30
0.00 6698.28
400.80 -28.96 -29.66 -33.82 319.03 283.02 56.06 0.40
0.00 7272.96
370.60 -33.56 -34.17 -39.38 319.36 280.60 61.30 0.60
0.00 7827.82
343.50 -38.36 -38.83 -44.64 319.34 276.26 62.38 0.70
0.00 8355.14
319.20 -42.96 -43.26 -48.34 319.49 274.10 62.56 0.70
0.00 8854.52
297.20 -47.06 -47.28 -52.47 320.07 268.63 65.14 0.60
0.00 9331.47
277.50 -50.86 -51.02 -56.01 320.79 266.85 67.16 0.40
0.00 9781.59
259.80 -54.16 -54.28 -59.24 321.95 272.89 69.48 0.20
0.00 10207.29
243.30 -57.26 -57.34 -61.49 323.35 279.30 69.73 0.10
0.00 10624.96
228.40 -60.56 -60.62 -64.15 324.17 283.85 70.67 0.00
0.00 11021.30
214.80 -63.06 -63.11 -67.57 325.97 281.46 74.37 0.00
0.00 11401.10
201.10 -63.26 -63.34 -72.87 331.80 282.66 76.30 0.00
0.00 11806.22
187.50 -62.06 -62.14 -68.54 340.48 290.91 67.00 0.00
0.00 12237.68
173.90 -60.76 -60.88 -69.08 350.02 290.51 54.37 0.00
0.00 12704.40
160.20 -59.66 -59.82 -69.66 360.17 279.50 48.29 0.00
0.00 13215.90
146.60 -57.96 -58.18 -70.28 372.35 279.22 52.18 0.00
0.00 13772.54
133.00 -57.16 -57.46 -75.62 384.21 279.42 47.49 -0.10
0.00 14386.97
119.30 -57.96 -58.27 -76.33 394.85 278.52 40.69 -0.10
0.00 15073.01
105.70 -59.16 -59.48 -102.26 406.39 277.99 33.56 0.00
0.00 15833.32
92.10 -58.46 -58.86 -102.90 424.07 267.43 34.63 0.00
0.00 16697.49
79.40 -59.36 -59.77 -103.58 440.55 267.98 33.07 0.00
0.00 17628.02
69.20 -59.06 -59.54 -104.20 458.83 270.39 28.77 0.00
0.00 18489.11
61.00 -58.46 -59.04 -104.77 476.98 272.73 20.43 0.00
0.00 19280.66
53.30 -57.26 -58.01 -105.37 498.48 274.16 10.72 0.00
0.00 20131.05
46.10 -55.66 -56.68 -106.01 523.41 253.81 6.27 0.00
0.00 21051.58
39.40 -54.46 -55.79 -106.69 550.42 186.34 3.52 0.00
0.00 22054.19
33.20 -53.56 -55.25 -107.43 580.36 162.18 5.72 0.00
0.00 23152.51
27.40 -53.66 -55.59 -85.36 612.87 154.23 6.26 0.00
0.00 24386.45
22.00 -54.06 -56.28 -86.63 651.30 127.18 7.08 0.00
0.00 25795.48
17.00 -51.66 -55.01 -88.09 708.72 91.06 10.50 0.00
0.00 27458.10
12.30 -47.36 -53.15 -89.89 792.38 67.31 11.59 0.00
0.00 29576.67

STID = KJXN STNM = 725395 TIME = 140412/2100
SLAT = 42.27 SLON = -84.47 SELV = 294.00
STIM = 12

SHOW = -0.49 LIFT = -0.88 SWET = 381.40 KINX = 26.17
LCLP = 826.96 PWAT = 25.44 TOTL = 52.12 CAPE = 238.50
LCLT = 281.31 CINS = -2.68 EQLV = 298.99 LFCT = 803.68
BRCH = 4.17

PRES TMPC TMWC DWPC THTE DRCT SKNT OMEG
CFRL HGHT
976.60 21.84 15.07 10.63 321.42 199.75 16.11 0.10
0.00 294.00
973.70 21.24 14.71 10.37 320.69 199.73 19.00 0.10
0.00 319.78
968.40 20.64 14.40 10.22 320.41 200.17 20.29 0.10
0.00 367.00
959.10 19.74 13.94 10.02 320.22 200.43 21.16 0.10
0.00 450.27
945.50 18.44 13.29 9.75 320.01 200.85 21.84 0.10
0.00 573.03
928.00 16.84 12.48 9.43 319.89 201.25 22.52 0.20
0.00 732.83
907.10 14.84 11.46 9.06 319.69 201.98 22.85 0.20
0.00 926.46
884.20 12.74 10.37 8.65 319.62 202.69 23.18 0.20
0.00 1142.27
859.40 10.44 9.15 8.17 319.54 204.44 23.49 0.20
0.00 1380.54
831.70 8.24 7.39 6.69 318.53 209.80 24.64 0.00
0.00 1652.72
801.10 6.34 5.35 4.46 317.43 218.80 25.44 -0.20
0.00 1961.75
767.60 4.24 2.46 0.63 315.01 229.81 26.21 -0.50
0.00 2311.17
731.20 2.04 -0.89 -4.60 312.49 236.50 31.70 -0.50
0.00 2705.15
692.00 -0.66 -4.22 -9.90 311.02 232.90 38.99 -0.30
0.00 3147.69
649.90 -5.16 -6.80 -9.45 312.22 232.15 45.30 -0.10
0.00 3645.05
604.90 -8.96 -9.47 -10.36 314.17 236.77 47.17 0.00
0.00 4204.93
557.50 -12.56 -12.93 -13.69 315.70 245.48 48.71 -0.10
0.00 4832.70
511.50 -16.26 -16.64 -17.56 317.40 258.39 51.20 -0.30
0.00 5485.78
470.20 -20.36 -20.79 -22.10 318.33 268.97 54.05 -0.30
0.00 6114.44
433.20 -24.66 -25.09 -26.80 319.01 274.24 52.63 -0.10
0.00 6716.20
400.00 -29.16 -29.59 -31.96 319.33 279.32 52.79 0.20
0.00 7291.22
369.90 -33.96 -34.36 -37.57 319.24 281.98 55.24 0.60
0.00 7844.66
342.90 -38.96 -39.28 -43.04 318.83 281.43 54.93 0.70
0.00 8369.90
318.60 -43.46 -43.73 -48.35 318.97 277.91 56.52 0.70
0.00 8869.01
296.70 -47.26 -47.45 -51.67 319.98 276.08 66.07 0.60
0.00 9343.91
277.00 -50.66 -50.83 -56.02 321.25 277.04 66.59 0.50
0.00 9794.82
259.30 -53.66 -53.82 -61.00 322.82 276.28 62.19 0.30
0.00 10221.99
242.80 -57.06 -57.15 -61.50 323.84 274.01 61.18 0.20
0.00 10641.16
228.00 -59.96 -60.03 -64.16 325.24 273.15 63.66 0.10
0.00 11036.33
214.40 -62.16 -62.23 -67.59 327.54 277.62 67.46 0.10
0.00 11418.17
200.80 -62.96 -63.02 -68.06 332.46 283.67 66.62 0.10
0.00 11822.16
187.10 -61.26 -61.36 -68.56 341.98 287.03 60.38 0.00
0.00 12258.72
173.50 -59.56 -59.70 -69.09 352.23 286.95 52.02 0.00
0.00 12728.69
159.90 -58.46 -58.65 -69.67 362.39 278.49 48.74 -0.10
0.00 13240.38
146.30 -58.06 -58.28 -70.29 372.39 277.59 47.06 -0.10
0.00 13799.54
132.70 -58.16 -58.43 -75.63 382.68 279.83 44.39 0.00
0.00 14413.72
119.10 -58.66 -58.94 -76.34 393.75 277.87 42.58 0.00
0.00 15093.42
105.50 -58.36 -58.71 -102.27 408.13 277.77 38.84 0.00
0.00 15855.26
91.90 -59.46 -59.81 -102.91 422.35 268.95 31.88 0.00
0.00 16720.78
79.30 -59.56 -59.96 -103.58 440.30 273.27 34.07 0.00
0.00 17642.99
69.10 -58.56 -59.07 -104.21 460.09 274.90 27.31 0.00
0.00 18505.85
60.90 -58.26 -58.86 -104.77 477.65 275.55 20.12 0.00
0.00 19299.91
53.20 -57.66 -58.38 -105.37 497.82 277.52 10.39 0.00
0.00 20151.41
46.00 -56.06 -57.04 -106.02 522.77 255.26 7.64 0.00
0.00 21072.10
39.30 -55.16 -56.40 -106.70 549.06 199.09 5.35 0.00
0.00 22074.53
33.20 -54.66 -56.17 -107.43 577.46 169.70 6.52 0.00
0.00 23152.10
27.40 -55.16 -56.82 -85.36 608.68 136.74 4.54 0.00
0.00 24378.74
22.00 -54.36 -56.51 -86.63 650.41 95.19 6.44 0.00
0.00 25781.99
17.00 -50.76 -54.38 -88.09 711.60 101.73 10.52 0.00
0.00 27446.87
12.30 -46.56 -52.68 -89.89 795.19 96.24 12.51 0.00
0.00 29573.49

STID = KJXN STNM = 725395 TIME = 140412/2200
SLAT = 42.27 SLON = -84.47 SELV = 294.00
STIM = 13

SHOW = -1.85 LIFT = -2.29 SWET = 437.37 KINX = 24.28
LCLP = 836.92 PWAT = 25.18 TOTL = 54.02 CAPE = 494.07
LCLT = 282.51 CINS = -1.29 EQLV = 258.52 LFCT = 832.93
BRCH = 7.76

PRES TMPC TMWC DWPC THTE DRCT SKNT OMEG
CFRL HGHT
976.10 22.04 15.66 11.66 323.40 197.56 16.11 0.10
0.00 294.00
973.20 21.54 15.34 11.41 322.77 198.07 19.42 0.10
0.00 319.83
967.80 20.94 15.03 11.24 322.48 198.43 20.90 0.10
0.00 368.03
958.60 20.04 14.58 11.05 322.27 198.60 21.94 0.10
0.00 450.56
945.00 18.84 13.97 10.78 322.18 198.90 22.81 0.10
0.00 573.58
927.40 17.24 13.17 10.47 322.07 199.62 23.73 0.20
0.00 734.66
906.50 15.24 12.16 10.07 321.85 200.02 24.41 0.20
0.00 928.76
883.70 13.14 11.09 9.66 321.77 200.82 25.16 0.20
0.00 1144.13
858.80 10.84 9.87 9.15 321.65 201.80 26.17 0.20
0.00 1383.92
831.10 8.64 8.01 7.50 320.29 206.91 29.21 0.30
0.00 1656.76
800.50 6.84 5.73 4.77 318.51 215.42 33.87 0.30
0.00 1966.58
767.00 5.14 3.03 0.94 316.47 222.85 36.59 0.20
0.00 2317.17
730.70 3.24 -0.44 -5.12 313.51 227.67 41.28 0.00
0.00 2711.85
691.50 0.84 -4.12 -12.75 311.19 230.19 44.03 -0.10
0.00 3156.79
649.50 -2.96 -7.60 -17.71 310.51 236.24 45.82 -0.20
0.00 3656.41
604.50 -8.16 -10.16 -14.11 312.89 242.79 46.34 -0.20
0.00 4219.44
557.20 -12.46 -12.89 -13.75 315.84 253.99 49.34 -0.10
0.00 4847.19
511.20 -16.46 -16.76 -17.50 317.24 259.84 47.39 0.10
0.00 5500.51
469.90 -20.86 -21.22 -22.36 317.66 271.48 45.31 0.30
0.00 6128.69
433.00 -24.86 -25.23 -26.69 318.83 280.23 54.71 0.50
0.00 6728.31
399.80 -29.36 -29.72 -31.66 319.18 280.71 58.56 0.50
0.00 7303.15
369.70 -34.06 -34.36 -36.65 319.30 279.97 57.24 0.50
0.00 7856.53
342.70 -38.76 -39.01 -41.65 319.30 279.90 54.26 0.50
0.00 8382.20
318.40 -43.46 -43.73 -48.36 319.02 277.96 54.76 0.50
0.00 8881.83
296.50 -47.36 -47.67 -56.72 319.70 275.01 60.10 0.60
0.00 9356.93
276.80 -50.96 -51.17 -58.74 320.80 273.86 63.51 0.60
0.00 9807.73
259.10 -54.26 -54.38 -59.26 322.05 275.18 64.60 0.50
0.00 10234.35
242.70 -57.16 -57.24 -61.51 323.73 276.74 64.59 0.30
0.00 10650.56
227.90 -59.66 -59.73 -64.17 325.74 278.30 64.63 0.20
0.00 11046.08
214.30 -61.16 -61.24 -67.59 329.14 280.45 63.25 0.10
0.00 11429.27
200.70 -61.46 -61.54 -68.06 334.88 283.40 59.55 0.00
0.00 11835.86
187.10 -60.76 -60.87 -68.56 342.79 285.01 55.54 -0.10
0.00 12271.39
173.50 -59.66 -59.80 -69.09 352.07 284.20 50.73 -0.10
0.00 12741.80
159.90 -58.56 -58.74 -69.67 362.22 278.13 46.73 -0.10
0.00 13253.26
146.30 -57.26 -57.51 -70.29 373.78 276.37 45.57 -0.10
0.00 13813.33
132.70 -57.46 -57.75 -75.63 383.92 276.00 42.80 -0.10
0.00 14429.65
119.10 -59.06 -59.33 -76.34 393.02 272.69 41.45 0.00
0.00 15109.82
105.50 -59.66 -59.94 -77.12 405.72 278.13 42.61 0.00
0.00 15868.65
91.90 -59.36 -59.72 -102.91 422.55 278.70 33.43 0.00
0.00 16731.75
79.20 -59.76 -60.15 -103.59 440.05 275.64 29.69 0.00
0.00 17661.63
69.10 -58.56 -59.07 -104.21 460.09 280.72 26.11 0.00
0.00 18516.18
60.80 -58.06 -58.67 -104.78 478.32 274.44 20.08 0.00
0.00 19320.95
53.20 -57.66 -58.38 -105.37 497.82 263.29 9.98 0.00
0.00 20162.48
46.00 -56.56 -57.49 -106.02 521.56 246.16 9.14 0.00
0.00 21082.11
39.30 -55.56 -56.75 -106.70 548.05 223.15 4.26 0.00
0.00 22082.47
33.20 -54.66 -56.17 -107.43 577.46 194.62 4.62 0.00
0.00 23159.06
27.40 -55.16 -56.82 -85.36 608.68 167.47 3.58 0.00
0.00 24385.69
22.00 -54.06 -56.28 -86.63 651.30 113.20 5.92 0.00
0.00 25789.90
16.90 -50.66 -54.32 -88.12 713.11 116.13 11.48 0.00
0.00 27494.43
12.30 -46.36 -52.56 -89.89 795.89 104.23 14.24 0.00
0.00 29583.67

STID = KJXN STNM = 725395 TIME = 140412/2300
SLAT = 42.27 SLON = -84.47 SELV = 294.00
STIM = 14

SHOW = -2.43 LIFT = -2.96 SWET = 473.80 KINX = 26.94
LCLP = 841.87 PWAT = 26.40 TOTL = 54.86 CAPE = 640.24
LCLT = 283.07 CINS = -2.95 EQLV = 241.74 LFCT = 828.20
BRCH = 9.53

PRES TMPC TMWC DWPC THTE DRCT SKNT OMEG
CFRL HGHT
975.00 22.04 15.90 12.14 324.34 194.83 13.67 0.10
0.00 294.00
972.00 21.74 15.67 11.91 323.98 195.31 16.93 0.10
0.00 320.76
966.70 21.24 15.38 11.72 323.76 195.62 18.77 0.10
0.00 368.18
957.50 20.44 14.95 11.49 323.61 196.17 20.24 0.20
0.00 450.91
943.80 19.24 14.35 11.23 323.53 196.80 21.52 0.30
0.00 575.18
926.40 17.64 13.54 10.88 323.35 197.38 23.42 0.40
0.00 734.86
905.50 15.74 12.56 10.45 323.19 198.30 25.39 0.50
0.00 929.50
882.60 13.64 11.44 9.93 322.95 199.46 27.42 0.60
0.00 1146.47
857.80 11.44 10.13 9.18 322.54 201.04 29.78 0.70
0.00 1386.07
830.10 9.14 8.49 7.97 321.76 204.56 32.27 0.80
0.00 1659.79
799.60 6.94 6.47 6.06 320.58 212.75 36.29 0.60
0.00 1969.36
766.10 5.34 3.88 2.52 318.71 220.66 39.97 0.40
0.00 2320.69
729.80 4.14 0.89 -2.79 316.71 230.39 43.90 0.20
0.00 2716.79
690.60 1.54 -3.10 -10.27 313.51 237.91 44.28 0.10
0.00 3163.74
648.60 -1.96 -6.44 -14.97 312.98 247.10 43.47 0.00
0.00 3665.72
603.80 -6.96 -9.31 -13.78 314.61 258.90 42.39 0.00
0.00 4229.35
556.40 -11.96 -12.32 -13.01 317.04 265.00 42.34 0.10
0.00 4861.31
510.60 -16.56 -16.61 -16.73 317.63 287.90 39.83 0.30
0.00 5513.21
469.30 -20.76 -21.15 -22.37 317.91 287.29 39.90 0.50
0.00 6142.18
432.40 -25.06 -25.41 -26.82 318.66 272.89 46.32 0.60
0.00 6742.48
399.30 -29.76 -30.66 -37.06 317.80 270.45 49.57 0.50
0.00 7315.59
369.30 -34.26 -35.54 -68.66 317.50 272.44 54.86 0.40
0.00 7866.98
342.30 -38.66 -39.55 -64.16 318.52 273.47 57.84 0.30
0.00 8393.01
318.00 -43.06 -43.57 -56.15 319.35 274.14 59.25 0.20
0.00 8893.73
296.20 -47.16 -47.48 -56.73 320.08 274.78 60.66 0.10
0.00 9367.81
276.50 -50.96 -51.17 -58.75 320.90 275.62 61.53 0.10
0.00 9819.29
258.80 -54.36 -54.48 -59.27 322.01 277.82 61.41 0.10
0.00 10246.29
242.40 -57.46 -57.54 -61.52 323.40 279.55 60.91 0.20
0.00 10662.62
227.60 -60.16 -60.22 -64.18 325.10 279.82 61.55 0.20
0.00 11057.90
214.00 -61.36 -61.44 -67.60 328.96 278.61 62.32 0.20
0.00 11440.98
200.40 -60.56 -60.69 -72.89 336.41 278.16 61.66 0.10
0.00 11848.83
186.80 -59.36 -59.49 -68.57 345.21 282.34 57.31 0.00
0.00 12287.40
173.20 -59.26 -59.41 -69.11 352.90 285.18 49.75 -0.10
0.00 12760.59
159.70 -59.06 -59.23 -69.68 361.51 280.02 45.79 -0.20
0.00 13268.92
146.10 -57.96 -58.18 -70.30 372.71 276.20 44.97 -0.20
0.00 13828.16
132.50 -57.66 -57.95 -75.64 383.73 275.96 44.95 -0.20
0.00 14444.09
118.90 -59.26 -59.52 -76.35 392.84 276.46 39.71 -0.10
0.00 15124.71
105.30 -60.86 -61.10 -77.13 403.66 276.40 38.34 0.00
0.00 15882.41
91.80 -59.66 -60.01 -102.91 422.09 281.49 36.10 0.10
0.00 16737.43
79.10 -58.46 -58.92 -103.59 442.89 276.38 27.97 0.10
0.00 17670.58
69.00 -58.26 -58.79 -104.21 460.92 280.68 20.97 0.00
0.00 18529.49
60.80 -57.66 -58.30 -104.78 479.21 279.27 19.30 0.00
0.00 19326.45
53.10 -57.66 -58.38 -105.38 498.09 278.33 8.05 0.00
0.00 20180.63
45.90 -57.16 -58.03 -106.03 520.44 270.00 6.03 0.00
0.00 21100.85
39.30 -55.46 -56.66 -106.70 548.30 270.00 2.53 0.00
0.00 22086.24
33.10 -53.46 -55.17 -107.45 581.13 219.81 4.55 0.00
0.00 23185.34
27.30 -53.66 -55.60 -85.39 613.51 205.02 3.22 0.00
0.00 24423.68
21.90 -53.26 -55.66 -86.66 654.53 70.56 3.50 0.00
0.00 25841.07
16.90 -51.06 -54.60 -88.12 711.83 100.62 6.33 0.00
0.00 27517.66
12.30 -46.36 -52.56 -89.89 795.89 88.06 11.48 0.00
0.00 29605.05

STID = KJXN STNM = 725395 TIME = 140413/0000
SLAT = 42.27 SLON = -84.47 SELV = 294.00
STIM = 15

SHOW = -1.90 LIFT = -2.25 SWET = 454.11 KINX = 24.10
LCLP = 859.20 PWAT = 24.54 TOTL = 53.82 CAPE = 524.63
LCLT = 283.74 CINS = -21.52 EQLV = 250.40 LFCT = 801.16
BRCH = 7.12

PRES TMPC TMWC DWPC THTE DRCT SKNT OMEG
CFRL HGHT
973.00 20.84 15.64 12.46 323.82 182.20 10.12 0.10
0.00 294.00
970.10 21.14 15.58 12.16 323.98 184.29 15.59 0.10
0.00 319.85
964.70 21.14 15.41 11.86 324.13 185.95 18.76 0.10
0.00 368.20
955.50 20.64 14.99 11.44 324.01 188.75 23.01 0.20
0.00 451.13
941.90 19.64 14.34 10.94 323.74 191.80 26.61 0.30
0.00 574.86
924.40 18.24 13.52 10.43 323.54 194.04 29.65 0.30
0.00 736.05
903.60 16.44 12.53 9.92 323.35 196.14 32.17 0.40
0.00 930.58
880.80 14.44 11.44 9.38 323.20 198.94 34.73 0.50
0.00 1147.57
856.10 12.24 10.19 8.73 322.96 201.64 37.43 0.50
0.00 1387.32
828.40 9.84 8.67 7.78 322.51 205.32 40.00 0.50
0.00 1662.29
797.90 7.44 6.25 5.24 320.24 211.32 43.00 0.50
0.00 1973.12
764.50 5.94 2.89 -0.24 316.46 220.79 44.93 0.50
0.00 2324.67
728.30 4.84 0.67 -4.27 316.39 233.13 44.71 0.50
0.00 2721.25
689.30 2.64 -3.02 -12.32 313.77 245.41 42.97 0.30
0.00 3168.14
647.40 -1.46 -6.02 -14.41 314.01 255.21 39.60 0.20
0.00 3671.29
602.60 -6.56 -8.28 -11.17 316.87 261.96 33.37 0.40
0.00 4237.05
555.30 -11.36 -12.53 -14.92 316.84 280.53 36.18 0.50
0.00 4870.16
509.60 -15.66 -16.92 -20.31 317.24 276.67 33.47 0.50
0.00 5523.63
468.40 -20.66 -21.87 -26.39 316.86 271.38 40.44 0.50
0.00 6153.35
431.60 -25.16 -27.26 -46.93 315.72 268.78 45.50 0.50
0.00 6752.92
398.50 -29.36 -31.15 -63.02 317.10 272.88 50.21 0.40
0.00 7327.28
368.60 -33.96 -35.23 -60.50 318.16 274.21 53.01 0.30
0.00 7878.64
341.70 -38.46 -39.27 -55.57 319.12 275.32 54.47 0.30
0.00 8404.24
317.40 -42.76 -43.27 -54.90 319.98 276.56 56.15 0.20
0.00 8906.42
295.60 -46.66 -47.00 -56.75 320.97 275.73 58.41 0.20
0.00 9382.26
276.00 -50.36 -50.59 -58.76 321.93 276.36 59.65 0.20
0.00 9833.42
258.40 -53.76 -53.89 -59.28 323.04 279.22 59.47 0.10
0.00 10259.88
242.00 -56.96 -57.05 -61.53 324.30 282.19 59.86 0.10
0.00 10677.93
227.20 -59.76 -59.83 -64.19 325.88 283.86 61.66 0.00
0.00 11074.72
213.60 -61.56 -61.63 -67.61 328.83 282.81 63.99 0.00
0.00 11458.67
200.10 -62.06 -62.16 -72.90 334.18 282.85 63.80 0.00
0.00 11862.58
186.50 -61.26 -61.36 -68.58 342.29 286.02 58.45 0.00
0.00 12298.34
172.90 -60.66 -60.78 -69.12 350.76 285.79 49.29 0.00
0.00 12768.65
159.40 -59.46 -59.62 -69.69 361.02 277.72 46.29 -0.10
0.00 13275.77
145.80 -58.16 -58.38 -70.31 372.58 271.74 44.92 -0.10
0.00 13835.32
132.30 -58.26 -58.53 -75.65 382.83 272.35 42.61 -0.10
0.00 14446.67
118.70 -59.66 -59.91 -76.36 392.30 274.96 42.73 -0.10
0.00 15126.79
105.20 -60.16 -60.42 -77.14 405.10 277.79 37.28 0.00
0.00 15880.45
91.60 -59.36 -59.72 -102.92 422.94 281.73 31.57 0.10
0.00 16745.17
79.00 -57.66 -58.16 -103.60 444.70 277.28 26.06 0.00
0.00 17674.96
68.90 -57.66 -58.23 -104.22 462.40 275.71 21.49 0.00
0.00 18537.84
60.70 -59.16 -59.70 -104.79 476.09 286.28 18.02 0.00
0.00 19334.36
53.00 -58.56 -59.21 -105.39 496.27 293.03 8.45 0.00
0.00 20185.29
45.90 -57.76 -58.58 -106.03 519.00 272.20 5.06 0.00
0.00 21090.44
39.20 -55.76 -56.93 -106.72 547.94 284.04 1.60 0.00
0.00 22089.92
33.10 -53.66 -55.33 -107.45 580.60 218.66 1.24 0.00
0.00 23171.48
27.30 -53.36 -55.36 -85.39 614.35 90.00 0.97 0.00
0.00 24410.10
21.90 -52.66 -55.20 -86.66 656.32 51.95 5.68 0.00
0.00 25830.39
16.90 -50.66 -54.32 -88.12 713.11 70.02 4.55 0.00
0.00 27510.78
12.30 -46.26 -52.50 -89.89 796.24 81.35 9.04 0.00
0.00 29600.49

STID = KJXN STNM = 725395 TIME = 140413/0100
SLAT = 42.27 SLON = -84.47 SELV = 294.00
STIM = 16

SHOW = -1.09 LIFT = -1.34 SWET = 424.98 KINX = 20.39
LCLP = 876.90 PWAT = 21.88 TOTL = 52.73 CAPE = 305.53
LCLT = 283.80 CINS = -163.29 EQLV = 276.88 LFCT = 616.65
BRCH = 4.43

PRES TMPC TMWC DWPC THTE DRCT SKNT OMEG
CFRL HGHT
972.30 19.14 14.89 12.21 321.54 184.01 11.11 0.00
0.00 294.00
969.40 20.14 15.05 11.83 322.37 187.56 22.16 0.10
0.00 319.74
964.10 20.44 14.96 11.48 322.76 188.81 25.37 0.00
0.00 367.09
954.80 21.04 14.71 10.62 323.17 195.17 33.43 0.00
0.00 450.91
941.30 20.54 14.12 9.87 323.07 199.37 37.50 -0.10
0.00 574.05
923.80 19.24 13.27 9.22 322.79 203.23 40.40 -0.20
0.00 735.81
903.00 17.44 12.25 8.64 322.52 205.86 42.34 -0.20
0.00 931.05
880.20 15.34 11.12 8.11 322.29 207.94 43.56 -0.30
0.00 1148.82
855.50 13.04 9.90 7.60 322.18 209.03 44.46 -0.40
0.00 1389.35
827.90 10.44 8.46 6.95 321.99 210.29 45.47 -0.50
0.00 1664.09
797.40 7.94 6.00 4.35 319.65 212.69 46.42 -0.50
0.00 1975.65
764.10 6.54 2.11 -2.95 314.57 221.34 47.38 -0.50
0.00 2326.90
727.90 5.64 0.29 -6.64 315.46 235.03 43.41 -0.50
0.00 2724.49
688.90 3.64 -2.92 -14.37 313.94 250.58 39.16 -0.40
0.00 3172.97
647.00 -1.06 -4.60 -9.95 317.13 257.47 32.26 -0.30
0.00 3677.77
602.20 -5.96 -8.08 -11.65 317.34 270.35 32.07 -0.20
0.00 4245.08
555.00 -10.16 -13.20 -21.06 315.55 280.42 34.39 -0.20
0.00 4879.20
509.30 -15.16 -18.39 -32.55 314.57 273.97 33.71 -0.30
0.00 5534.80
468.20 -20.66 -23.39 -43.74 314.22 268.01 39.09 -0.40
0.00 6163.59
431.40 -25.16 -27.47 -59.27 315.38 271.28 43.36 -0.40
0.00 6763.27
398.40 -29.66 -31.40 -63.02 316.73 274.82 46.23 -0.40
0.00 7335.72
368.40 -34.06 -35.27 -56.44 318.15 276.29 47.91 -0.30
0.00 7888.69
341.50 -38.36 -39.16 -54.30 319.35 276.32 49.48 -0.20
0.00 8414.60
317.30 -42.36 -42.87 -53.80 320.60 275.04 53.08 -0.10
0.00 8915.48
295.50 -46.16 -46.50 -55.49 321.75 274.21 55.55 0.00
0.00 9392.41
275.90 -49.96 -50.18 -57.30 322.59 276.30 54.95 0.00
0.00 9844.64
258.30 -53.26 -53.43 -61.03 323.77 282.31 54.71 0.00
0.00 10272.13
241.90 -56.46 -56.56 -61.53 325.09 289.77 52.88 0.00
0.00 10691.30
227.10 -59.66 -59.73 -64.19 326.07 291.02 53.10 0.00
0.00 11088.82
213.50 -61.86 -61.93 -67.62 328.40 286.73 60.08 0.00
0.00 11472.76
200.00 -63.36 -63.44 -72.91 332.16 284.80 63.93 0.10
0.00 11875.33
186.40 -62.76 -62.83 -68.59 339.92 282.65 58.57 0.10
0.00 12308.43
172.90 -61.06 -61.17 -69.12 350.10 278.60 50.72 0.10
0.00 12773.33
159.30 -59.86 -60.01 -69.70 360.41 270.69 48.40 0.10
0.00 13283.40
145.80 -58.96 -59.15 -70.31 371.20 269.30 47.63 0.10
0.00 13837.46
132.20 -58.46 -58.72 -75.66 382.56 272.27 44.16 0.00
0.00 14452.13
118.70 -59.06 -59.33 -76.36 393.40 276.22 41.26 0.00
0.00 15128.14
105.10 -59.46 -59.75 -77.15 406.54 281.38 33.51 0.00
0.00 15890.05
91.60 -59.16 -59.53 -102.92 423.34 276.30 28.36 0.00
0.00 16750.64
79.00 -58.06 -58.54 -103.60 443.87 272.62 25.49 0.00
0.00 17680.00
68.90 -57.76 -58.32 -104.22 462.19 282.96 22.54 0.00
0.00 18541.88
60.70 -59.26 -59.79 -104.79 475.87 297.22 15.30 0.00
0.00 19338.03
53.00 -58.36 -59.03 -105.39 496.74 307.41 8.32 0.00
0.00 20189.15
45.90 -57.16 -58.03 -106.03 520.44 265.24 2.34 0.00
0.00 21095.99
39.20 -55.76 -56.93 -106.72 547.94 198.43 3.69 0.00
0.00 22096.86
33.10 -54.16 -55.75 -107.45 579.28 210.96 5.67 0.00
0.00 23177.18
27.30 -54.16 -56.00 -85.39 612.11 161.57 0.61 0.00
0.00 24412.13
21.90 -53.56 -55.91 -109.20 653.54 62.35 9.22 0.00
0.00 25826.93
16.90 -51.16 -54.67 -88.12 711.51 59.22 10.63 0.00
0.00 27502.01
12.30 -46.26 -52.50 -89.89 796.24 90.00 9.33 0.00
0.00 29589.39

STID = KJXN STNM = 725395 TIME = 140413/0200
SLAT = 42.27 SLON = -84.47 SELV = 294.00
STIM = 17

SHOW = -1.26 LIFT = -1.13 SWET = 419.68 KINX = 22.30
LCLP = 890.52 PWAT = 22.35 TOTL = 52.86 CAPE = 202.40
LCLT = 283.62 CINS = -155.05 EQLV = 314.91 LFCT = 611.98
BRCH = 5.66

PRES TMPC TMWC DWPC THTE DRCT SKNT OMEG
CFRL HGHT
973.10 17.74 14.15 11.80 319.17 191.63 6.75 0.00
0.00 294.00
970.20 19.54 14.56 11.32 320.73 198.07 19.42 0.00
0.00 319.63
964.80 19.94 14.55 11.04 321.39 199.06 22.62 0.00
0.00 367.73
955.60 20.74 14.50 10.40 322.37 204.89 32.79 0.00
0.00 450.47
942.00 20.54 14.08 9.77 322.83 208.54 37.84 -0.20
0.00 574.35
924.60 19.44 13.34 9.19 322.88 211.66 41.11 -0.30
0.00 735.11
903.70 17.64 12.36 8.71 322.76 213.69 42.75 -0.50
0.00 931.26
880.90 15.54 11.30 8.29 322.71 214.61 43.46 -0.70
0.00 1149.02
856.20 13.24 10.09 7.80 322.62 214.82 43.57 -0.90
0.00 1389.53
828.60 10.54 8.83 7.55 322.93 214.53 43.89 -1.10
0.00 1664.22
798.10 7.74 6.25 5.00 320.21 214.17 44.64 -1.20
0.00 1975.52
764.70 5.84 2.25 -1.66 314.88 220.55 46.05 -1.30
0.00 2327.04
728.50 4.64 -0.30 -6.87 314.06 229.28 40.52 -1.20
0.00 2723.15
689.40 3.04 -2.87 -12.61 314.06 242.89 36.25 -1.00
0.00 3171.16
647.50 -0.96 -4.76 -10.69 316.69 251.34 31.59 -0.90
0.00 3675.15
602.60 -6.06 -7.95 -11.08 317.53 262.25 28.84 -0.80
0.00 4243.30
555.40 -10.36 -13.01 -19.46 315.85 272.99 29.78 -0.50
0.00 4876.69
509.70 -14.96 -18.52 -36.25 314.23 272.22 30.15 -0.30
0.00 5531.80
468.60 -20.56 -23.31 -43.73 314.27 272.40 37.16 0.00
0.00 6160.42
431.80 -25.26 -27.53 -56.97 315.21 275.27 40.21 0.20
0.00 6759.56
398.70 -29.56 -31.27 -57.61 316.87 273.92 42.67 0.30
0.00 7333.27
368.70 -33.66 -34.87 -53.66 318.69 273.28 44.20 0.30
0.00 7886.39
341.80 -37.66 -38.50 -53.17 320.26 273.07 47.11 0.30
0.00 8413.08
317.50 -41.76 -42.32 -53.79 321.38 272.97 52.55 0.30
0.00 8917.05
295.70 -45.76 -46.13 -55.49 322.26 273.65 54.93 0.30
0.00 9394.72
276.10 -49.46 -49.72 -58.76 323.20 278.68 54.07 0.20
0.00 9847.52
258.40 -52.66 -52.85 -61.02 324.62 287.32 53.55 0.10
0.00 10278.27
242.00 -55.76 -55.85 -59.80 326.14 291.57 53.93 0.00
0.00 10698.52
227.20 -58.76 -58.82 -62.01 327.44 293.25 60.08 0.00
0.00 11097.35
213.70 -61.66 -61.71 -64.65 328.67 293.62 65.98 0.00
0.00 11479.20
200.10 -64.86 -64.90 -68.08 329.79 290.31 63.84 0.10
0.00 11883.21
186.60 -63.86 -63.92 -68.58 338.04 279.46 56.75 0.10
0.00 12310.13
173.00 -61.36 -61.49 -73.88 349.50 272.77 52.35 0.00
0.00 12776.53
159.40 -59.66 -59.84 -74.43 360.64 272.32 48.05 0.00
0.00 13286.17
145.90 -59.06 -59.28 -75.01 370.90 271.44 46.28 0.00
0.00 13840.00
132.30 -59.26 -59.49 -75.65 381.05 270.72 46.27 -0.10
0.00 14452.94
118.80 -59.36 -59.62 -76.36 392.75 275.94 43.19 -0.10
0.00 15126.67
105.20 -59.36 -59.65 -77.14 406.62 286.14 30.76 -0.10
0.00 15887.54
91.60 -60.26 -60.58 -102.92 421.16 275.57 24.02 0.00
0.00 16752.06
79.00 -58.96 -59.39 -103.60 442.02 268.58 23.53 0.00
0.00 17677.09
68.90 -57.96 -58.51 -104.22 461.76 279.46 17.74 0.00
0.00 18536.77
60.70 -59.06 -59.61 -104.79 476.32 286.26 9.72 0.00
0.00 19332.92
53.10 -58.26 -58.94 -105.38 496.70 270.00 5.64 0.00
0.00 20172.80
45.90 -56.56 -57.49 -106.03 521.89 190.01 3.36 0.00
0.00 21093.01
39.20 -55.36 -56.58 -106.72 548.95 180.00 7.97 0.00
0.00 22096.19
33.10 -54.86 -56.34 -107.45 577.43 206.57 4.35 0.00
0.00 23175.77
27.30 -53.76 -55.68 -85.39 613.23 10.01 3.36 0.00
0.00 24409.88
21.90 -52.36 -54.99 -109.20 657.11 73.54 8.92 0.00
0.00 25829.84
16.90 -51.46 -54.88 -88.12 710.55 53.34 10.42 0.00
0.00 27508.33
12.30 -46.76 -52.79 -89.89 794.49 63.95 9.74 0.00
0.00 29591.99

STID = KJXN STNM = 725395 TIME = 140413/0300
SLAT = 42.27 SLON = -84.47 SELV = 294.00
STIM = 18

SHOW = -1.57 LIFT = -1.22 SWET = 433.72 KINX = 20.23
LCLP = 904.60 PWAT = 21.97 TOTL = 53.36 CAPE = 132.73
LCLT = 283.64 CINS = -234.63 EQLV = 352.42 LFCT = 548.60
BRCH = 4.45

PRES TMPC TMWC DWPC THTE DRCT SKNT OMEG
CFRL HGHT
972.90 16.44 13.54 11.58 317.36 188.13 6.87 0.00
0.00 294.00
970.00 18.84 14.20 11.14 319.68 199.29 20.59 0.10
0.00 319.54
964.60 19.44 14.27 10.86 320.56 200.67 23.68 0.10
0.00 367.56
955.40 20.24 14.26 10.29 321.66 208.74 34.36 0.10
0.00 450.17
941.90 20.24 13.94 9.71 322.42 211.70 38.84 0.00
0.00 572.99
924.40 19.14 13.27 9.28 322.70 215.26 41.42 -0.10
0.00 734.53
903.60 17.34 12.37 8.95 322.80 217.08 42.88 -0.20
0.00 929.59
880.80 15.24 11.31 8.55 322.78 217.38 43.54 -0.30
0.00 1147.16
856.10 12.94 10.17 8.17 322.87 217.02 43.58 -0.30
0.00 1387.47
828.40 10.24 8.72 7.58 322.66 215.24 43.79 -0.30
0.00 1662.94
797.90 7.74 5.38 3.28 317.97 216.48 45.45 -0.30
0.00 1974.07
764.60 6.54 1.74 -3.97 313.62 224.43 41.65 -0.30
0.00 2324.88
728.40 5.94 -0.35 -9.40 313.85 230.94 34.55 -0.20
0.00 2722.32
689.40 3.74 -2.69 -13.52 314.40 240.95 32.02 -0.10
0.00 3170.73
647.40 -0.66 -4.55 -10.55 317.15 245.56 28.18 0.00
0.00 3676.86
602.60 -5.56 -8.13 -12.63 317.14 257.70 26.46 0.10
0.00 4244.59
555.40 -9.86 -12.58 -19.00 316.65 274.18 31.96 0.00
0.00 4879.12
509.60 -15.26 -17.59 -25.24 316.01 276.46 31.10 0.00
0.00 5536.12
468.50 -20.66 -23.05 -37.09 314.77 272.67 29.19 0.00
0.00 6164.53
431.70 -25.36 -27.46 -48.41 315.37 270.00 38.10 0.10
0.00 6763.61
398.60 -29.46 -31.17 -55.80 317.07 270.27 41.01 0.10
0.00 7337.47
368.70 -33.36 -34.61 -53.66 319.09 268.91 41.02 0.00
0.00 7889.27
341.70 -37.26 -38.09 -51.28 320.91 269.51 45.49 -0.20
0.00 8418.78
317.50 -41.26 -41.78 -51.09 322.19 271.07 51.91 -0.30
0.00 8921.73
295.70 -45.26 -45.56 -51.70 323.12 274.04 52.42 -0.50
0.00 9400.44
276.10 -48.86 -49.00 -52.28 324.31 280.97 52.07 -0.50
0.00 9854.37
258.40 -52.16 -52.24 -54.52 325.56 292.55 49.67 -0.40
0.00 10286.19
242.00 -55.56 -55.63 -58.35 326.48 300.18 51.04 -0.30
0.00 10707.13
227.20 -59.16 -59.24 -64.19 326.79 297.84 58.69 -0.10
0.00 11105.77
213.60 -62.46 -62.52 -67.61 327.43 291.29 65.30 -0.10
0.00 11489.45
200.10 -65.46 -65.49 -68.08 328.84 286.13 67.18 0.00
0.00 11889.25
186.50 -65.46 -65.50 -68.58 335.51 276.97 54.44 0.10
0.00 12317.18
173.00 -63.36 -63.46 -73.88 346.20 267.24 52.54 0.10
0.00 12776.32
159.40 -59.46 -59.62 -69.69 361.02 268.20 49.40 0.10
0.00 13283.80
145.90 -58.66 -58.89 -75.01 371.59 270.00 45.87 0.00
0.00 13838.40
132.30 -59.56 -59.78 -75.65 380.51 269.50 44.13 0.00
0.00 14451.49
118.70 -60.06 -60.29 -76.36 391.56 272.92 42.04 0.00
0.00 15128.91
105.20 -59.06 -59.36 -77.14 407.19 282.72 30.89 -0.10
0.00 15883.80
91.60 -59.96 -60.29 -102.92 421.76 268.96 21.39 0.00
0.00 16749.53
79.00 -59.56 -59.96 -103.60 440.78 264.14 22.86 0.00
0.00 17673.92
68.90 -58.26 -58.79 -104.22 461.12 278.90 16.33 0.00
0.00 18531.79
60.70 -59.96 -60.45 -104.79 474.31 286.39 6.89 0.00
0.00 19325.71
53.00 -58.86 -59.49 -105.39 495.58 255.96 6.41 0.00
0.00 20174.45
45.90 -56.26 -57.22 -106.03 522.61 201.16 6.46 0.00
0.00 21082.13
39.20 -55.36 -56.58 -106.72 548.95 192.99 10.37 0.00
0.00 22086.00
33.10 -54.46 -56.00 -107.45 578.48 240.26 1.57 0.00
0.00 23166.57
27.30 -52.86 -54.95 -85.39 615.75 33.69 4.91 0.00
0.00 24404.35
21.90 -52.46 -55.07 -109.20 656.81 92.34 9.53 0.00
0.00 25826.89
16.90 -51.86 -55.17 -88.12 709.27 54.87 12.83 0.00
0.00 27503.48
12.30 -46.96 -52.91 -89.89 793.79 60.40 9.84 0.00
0.00 29584.35
STN YYMMDD/HHMM PMSL PRES SKTC STC1 SNFL WTNS
P01M C01M STC2 LCLD MCLD HCLD
SNRA UWND VWND R01M BFGR T2MS
Q2MS WXTS WXTP WXTZ WXTR USTM
VSTM HLCY SLLH WSYM CDBP VSBK
TD2M
725395 140412/0900 1017.40 982.40 -273.16 273.80 -9999.00 -9999.00
-9999.00 -9999.00 274.50 -9999.00 -9999.00 -9999.00
0.00 -0.70 1.80 -9999.00 -9999.00 1.44
3.91 0.00 0.00 0.00 0.00 16.00
-7.10 147.10 -9999.00 999.00 -9999.00 20.00
0.05
725395 140412/1000 1017.70 982.70 -273.16 274.70 0.00 -9999.00
0.00 0.00 274.80 -9999.00 -9999.00 -9999.00
0.00 -0.50 2.60 0.00 0.00 2.74
3.99 0.00 0.00 0.00 0.00 14.60
-6.60 191.70 -9999.00 999.00 -9999.00 20.00
0.33
725395 140412/1100 1017.60 982.80 -273.16 276.10 0.00 -9999.00
0.00 0.00 276.30 -9999.00 -9999.00 -9999.00
0.00 -1.10 2.20 0.00 0.00 3.64
3.98 0.00 0.00 0.00 0.00 12.30
-6.40 137.70 -9999.00 999.00 -9999.00 20.00
0.30
725395 140412/1200 1016.80 982.10 -273.16 278.60 0.00 -9999.00
0.00 0.00 278.00 -9999.00 -9999.00 -9999.00
0.00 -0.70 1.20 0.00 0.00 5.54
3.94 0.00 0.00 0.00 0.00 9.70
-5.10 17.00 -9999.00 999.00 -9999.00 20.00
0.15
725395 140412/1300 1016.00 982.10 -273.16 286.60 0.00 -9999.00
0.00 0.00 284.30 -9999.00 -9999.00 -9999.00
0.00 -0.60 2.00 0.00 0.00 11.74
4.01 0.00 0.00 0.00 0.00 6.80
-3.30 0.10 -9999.00 999.00 -9999.00 20.00
0.39
725395 140412/1400 1016.00 982.40 -273.16 293.20 0.00 -9999.00
0.00 0.00 290.50 -9999.00 -9999.00 -9999.00
0.00 1.90 1.70 0.00 0.00 16.64
3.91 0.00 0.00 0.00 0.00 6.30
-2.60 78.40 -9999.00 999.00 -9999.00 20.00
0.05
725395 140412/1500 1015.20 981.90 -273.16 297.70 0.00 -9999.00
0.00 0.00 295.10 -9999.00 -9999.00 -9999.00
0.00 2.10 4.60 0.00 0.00 20.84
3.46 0.00 0.00 0.00 0.00 5.20
-0.70 109.60 -9999.00 999.00 -9999.00 20.00
-1.63
725395 140412/1600 1014.00 980.80 -273.16 298.30 0.00 -9999.00
0.00 0.00 296.20 -9999.00 -9999.00 -9999.00
0.00 2.20 8.00 0.00 0.00 21.24
3.19 0.00 0.00 0.00 0.00 5.50
0.30 138.80 -9999.00 999.00 -9999.00 20.00
-2.74
725395 140412/1700 1013.30 980.60 -273.16 299.60 0.00 -9999.00
0.00 0.00 297.60 -9999.00 -9999.00 -9999.00
0.00 0.50 8.30 0.00 0.00 21.74
3.13 0.00 0.00 0.00 0.00 7.00
0.00 175.30 -9999.00 999.00 -9999.00 20.00
-3.00
725395 140412/1800 1011.60 979.80 -273.16 301.00 0.00 -9999.00
0.00 0.00 299.00 -9999.00 -9999.00 -9999.00
0.00 0.60 7.90 0.00 0.00 22.44
4.01 0.00 0.00 0.00 0.00 9.30
-1.00 138.00 -9999.00 999.00 -9999.00 20.00
0.36
725395 140412/1900 1010.60 979.40 -273.16 295.30 0.00 -9999.00
0.00 0.00 294.80 -9999.00 -9999.00 -9999.00
0.00 1.90 5.80 0.00 0.00 20.94
5.20 0.00 0.00 0.00 0.00 8.50
-0.30 74.90 -9999.00 999.00 652.00 20.00
3.99
725395 140412/2000 1009.00 978.20 -273.16 296.40 0.00 -9999.00
0.00 0.00 295.10 -9999.00 -9999.00 -9999.00
0.00 2.70 6.30 0.00 0.00 21.14
6.91 0.00 0.00 0.00 0.00 9.90
1.70 69.80 -9999.00 999.00 -9999.00 20.00
8.07
725395 140412/2100 1006.50 976.60 -273.16 299.00 0.00 -9999.00
0.00 0.00 297.90 -9999.00 -9999.00 -9999.00
0.00 3.00 7.70 0.00 0.00 22.14
8.28 0.00 0.00 0.00 0.00 11.60
2.90 87.60 -9999.00 999.00 -9999.00 20.00
10.72
725395 140412/2200 1005.90 976.10 -273.16 297.70 0.00 -9999.00
0.00 0.00 297.00 -9999.00 -9999.00 -9999.00
0.00 2.80 7.90 0.00 0.00 22.04
8.89 0.00 0.00 0.00 0.00 11.00
4.10 189.10 -9999.00 999.00 -9999.00 20.00
11.78
725395 140412/2300 1004.50 975.00 -273.16 295.80 0.00 -9999.00
0.00 0.00 295.50 -9999.00 -9999.00 -9999.00
0.00 2.10 6.90 0.00 0.00 21.74
9.19 0.00 0.00 0.00 0.00 9.00
2.80 312.10 -9999.00 999.00 -9999.00 8.92
12.27
725395 140413/0000 1002.90 973.00 -273.16 292.30 0.00 -9999.00
0.00 0.00 292.60 -9999.00 -9999.00 -9999.00
0.00 1.30 5.00 0.00 0.00 20.04
9.41 0.00 0.00 0.00 0.00 9.60
2.80 480.30 -9999.00 999.00 -9999.00 20.00
12.59
725395 140413/0100 1002.80 972.30 -273.16 290.10 0.00 -9999.00
0.00 0.00 290.50 -9999.00 -9999.00 -9999.00
0.00 0.40 5.50 0.00 0.00 18.24
9.28 0.00 0.00 0.00 0.00 9.10
4.50 521.50 -9999.00 999.00 -9999.00 20.00
12.37
725395 140413/0200 1003.60 973.10 -273.16 288.50 0.00 -9999.00
0.00 0.00 289.00 -9999.00 -9999.00 -9999.00
0.00 -0.30 3.40 0.00 0.00 16.54
9.01 0.00 0.00 0.00 0.00 8.00
5.50 335.80 -9999.00 999.00 -9999.00 20.00
11.94
725395 140413/0300 1003.60 972.90 -273.16 287.40 0.00 -9999.00
0.00 0.00 287.80 -9999.00 -9999.00 -9999.00
0.00 0.60 3.50 0.00 0.00 15.34
8.88 0.00 0.00 0.00 0.00 6.70
6.60 266.80 -9999.00 999.00 -9999.00 20.00
11.72


