Air Resources Laboratory banner imageNOAA logo
ARL Home  > READY  > Current & Forecast Meteorology  > NAM 12 km Sounding
READY logoNAM 12 km Sounding

NAM 12 km Sounding for location: 42.56 -84.30
Another sounding	Another product	Another location	Start over
 File start time : 13  9 22  6  0
 File ending time: 13  9 25 18  0
 Chosen date in meteorological file:           13           9          22          12
  
 YR: 2013   MON: 09   DAY: 22   HOUR: 12    AT POSITION: 423.2 235.1  LAT.: 42.56  LON.: -84.30
 SHGT:    0.2814E+03
 MSLP:    0.1016E+04
 TPP3:    0.0000E+00
 CPP3:    0.0000E+00
 T02M:    0.2776E+03
 RH2M:    0.9664E+02
 U10M:    0.2260E+01
 V10M:   -0.2633E+01
 PRSS:    0.9818E+03
 LHTF:    0.0000E+00
 SHTF:    0.2590E+01
 USTR:    0.2776E+00
 RGHS:    0.1875E+00
 DSWF:    0.1000E+03
 TMPS:    0.2779E+03
 SOLT:    0.2838E+03
 SOLW:    0.3797E+03
 WESD:    0.0000E+00
 CSNO:    0.0000E+00
 CICE:    0.0000E+00
 CFZR:    0.0000E+00
 CRAI:    0.0000E+00
 VSBY:    0.2062E+05
 TCLD:    0.4155E+01
 CAPE:    0.0000E+00
 CINH:    0.5008E+01
 LISD:    0.2950E+03
 LIB4:    0.1875E+02
  
 PRESS HGT(MSL) TEMP DEW PT  WND DIR  WND SPD
 HPA       M      C     C       DEG     M/S  
 E = Estimated Surface Height

  982.   281.    4.4    3.9   323.9     3.5
  975.   339.    6.3    4.9   333.7     6.2
  950.   552.    7.0    1.8   347.6    10.9
  925.   771.    5.5    0.2   349.2     9.7
  900.   994.    4.0   -1.6   341.4     8.7
  875.  1223.    2.7   -3.4   347.9     9.7
  850.  1456.    1.2   -5.4   348.0    10.2
  825.  1696.   -0.0   -7.7   342.8    11.2
  800.  1942.   -0.3   -9.9   334.0    12.8
  775.  2196.    2.4  -11.5   326.7    15.1
  750.  2463.    7.1  -22.0   325.1    17.4
  725.  2743.    7.3  -35.9   324.9    18.0
  700.  3030.    5.4  -40.7   325.1    17.7
  650.  3630.    2.6  -37.2   328.3    17.4
  600.  4273.   -1.2  -30.9   327.6    17.6
  550.  4959.   -6.5  -28.8   324.9    17.6
  500.  5695.  -11.7  -32.5   323.9    18.3
  450.  6493.  -17.0  -39.6   324.7    19.6
  400.  7365.  -23.4  -47.6   325.9    22.3
  350.  8325.  -31.7  -49.1   327.4    23.4
  300.  9394.  -40.6  -54.3   325.5    22.4
  250. 10613.  -48.5  -60.3   320.2    22.9
  200. 12064.  -50.9  -67.7   312.4    25.3
  150. 13914.  -57.3  -80.0   309.9    26.6
  100. 16446.  -60.2  -81.1   311.7    14.3
   50. 20767.  -59.1  -98.0   334.5     2.0
  
 hysplit.t06z.namf                                         
        Lat/Lon:  42.56  -84.30
E = Estimated Surface Height

 ========Mean Sea Level Pressure=====
     FHR:    6.
MSLP      1016.

 ========Temperature Deg C=====
Hmsl/FHR:    6.
Mdl sfc    4.4
  281.     4.4
  339.     6.3
  552.     7.0
  771.     5.5
  994.     4.0
 1223.     2.7
 1456.     1.2
 1696.    -0.0
 1942.    -0.3
 2196.     2.4
 2463.     7.1
 2743.     7.3
 3030.     5.4
 3630.     2.6
 4273.    -1.2
 4959.    -6.5
 5695.   -11.7
 6493.   -17.0
 7365.   -23.4
 8325.   -31.7
 9394.   -40.6
10613.   -48.5
12064.   -50.9
13914.   -57.3
16446.   -60.2
20767.   -59.1

 ========Relative Humidity========
Hmsl/FHR:    6.
  281.    89.2
  339.    90.8
  552.    69.5
  771.    68.9
  994.    67.0
 1223.    64.6
 1456.    61.9
 1696.    57.0
 1942.    49.2
 2196.    35.5
 2463.    11.0
 2743.     3.1
 3030.     2.2
 3630.     3.8
 4273.     9.0
 4959.    16.0
 5695.    17.0
 6493.    13.2
 7365.    10.0
 8325.    17.9
 9394.    23.7
10613.    26.7
12064.    13.9
13914.     5.4
16446.     6.5
20767.     0.4

 ========Wind Direction========
Hmsl/FHR:    6.
  281.   323.9
  339.   333.7
  552.   347.6
  771.   349.2
  994.   341.4
 1223.   347.9
 1456.   348.0
 1696.   342.8
 1942.   334.0
 2196.   326.7
 2463.   325.1
 2743.   324.9
 3030.   325.1
 3630.   328.3
 4273.   327.6
 4959.   324.9
 5695.   323.9
 6493.   324.7
 7365.   325.9
 8325.   327.4
 9394.   325.5
10613.   320.2
12064.   312.4
13914.   309.9
16446.   311.7
20767.   334.5

 ========Wind Speed m/s=========
Hmsl/FHR:    6.
  281.     3.5
  339.     6.2
  552.    10.9
  771.     9.7
  994.     8.7
 1223.     9.7
 1456.    10.2
 1696.    11.2
 1942.    12.8
 2196.    15.1
 2463.    17.4
 2743.    18.0
 3030.    17.7
 3630.    17.4
 4273.    17.6
 4959.    17.6
 5695.    18.3
 6493.    19.6
 7365.    22.3
 8325.    23.4
 9394.    22.4
10613.    22.9
12064.    25.3
13914.    26.6
16446.    14.3
20767.     2.0
Text Results
US Dept. of Commerce |  NOAA |  NOAA Research |  ARLPrivacy |  Disclaimer |  Information Quality 
Accessibility |  webmaster
