Air Resources Laboratory banner imageNOAA logo
ARL Home  > READY  > Current & Forecast Meteorology  > NAM 12 km Sounding
READY logoNAM 12 km Sounding

NAM 12 km Sounding for location: 42.31 -85.20
Another sounding	Another product	Another location	Start over
 File start time : 14  2 15  6  0
 File ending time: 14  2 18 18  0
 Chosen date in meteorological file:           14           2          15           9
  
 YR: 2014   MON: 02   DAY: 15   HOUR: 09    AT POSITION: 417.0 232.3  LAT.: 42.31  LON.: -85.20
 SHGT:    0.2801E+03
 MSLP:    0.1015E+04
 TPP3:    0.0000E+00
 CPP3:    0.0000E+00
 T02M:    0.2618E+03
 RH2M:    0.9014E+02
 U10M:    0.2419E+01
 V10M:   -0.2299E+01
 PRSS:    0.9798E+03
 LHTF:    0.1864E+01
 SHTF:   -0.2138E+02
 USTR:    0.2546E+00
 RGHS:    0.1875E+00
 DSWF:    0.0000E+00
 TMPS:    0.2608E+03
 SOLT:    0.2671E+03
 SOLW:    0.6228E+03
 WESD:    0.3598E+02
 CSNO:    0.0000E+00
 CICE:    0.0000E+00
 CFZR:    0.0000E+00
 CRAI:    0.0000E+00
 VSBY:    0.2423E+05
 TCLD:    0.1499E+02
 CAPE:    0.0000E+00
 CINH:    0.0000E+00
 LISD:    0.2940E+03
 LIB4:    0.1340E+02
  
 PRESS HGT(MSL) TEMP DEW PT  WND DIR  WND SPD
 HPA       M      C     C       DEG     M/S  
 E = Estimated Surface Height

  980.   280.  -11.3  -12.6   317.7     3.3
  975.   314.  -10.1  -11.5   321.5     4.4
  950.   514.  -10.5  -14.6   328.4     8.0
  925.   719.  -11.9  -18.0   337.2    10.4
  900.   928.  -13.0  -18.4   327.6    12.8
  875.  1143.  -12.5  -18.8   323.3    13.4
  850.  1364.  -12.6  -19.1   321.6    12.9
  825.  1591.  -13.9  -20.0   319.4    12.4
  800.  1825.  -14.1  -20.5   316.6    11.9
  775.  2065.  -14.9  -21.7   316.3    11.7
  750.  2313.  -15.3  -28.3   315.0    11.6
  725.  2568.  -16.0  -37.8   313.3    11.8
  700.  2832.  -17.3  -39.8   311.2    12.3
  650.  3383.  -20.3  -45.4   309.8    13.5
  600.  3972.  -23.0  -51.8   312.8    14.6
  550.  4605.  -27.1  -52.2   313.6    15.5
  500.  5284.  -32.1  -53.7   312.3    16.2
  450.  6018.  -37.8  -56.8   311.7    16.6
  400.  6819.  -43.2  -59.6   312.5    17.2
  350.  7709.  -47.4  -63.5   313.0    18.7
  300.  8721.  -50.0  -66.8   312.1    19.4
  250.  9908.  -50.1  -66.8   304.6    19.6
  200. 11375.  -47.2  -69.2   290.2    19.6
  150. 13271.  -49.2  -83.2   279.8    23.6
  100. 15913.  -50.7  -84.2   273.0    20.2
   50. 20367.  -56.9  -88.2   261.7    15.6
  
 hysplit.t06z.namf                                         
        Lat/Lon:  42.31  -85.20
E = Estimated Surface Height

 ========Mean Sea Level Pressure=====
     FHR:    3.
MSLP      1015.

 ========Temperature Deg C=====
Hmsl/FHR:    3.
Mdl sfc  -11.3
  280.   -11.3
  314.   -10.1
  514.   -10.5
  719.   -11.9
  928.   -13.0
 1143.   -12.5
 1364.   -12.6
 1591.   -13.9
 1825.   -14.1
 2065.   -14.9
 2313.   -15.3
 2568.   -16.0
 2832.   -17.3
 3383.   -20.3
 3972.   -23.0
 4605.   -27.1
 5284.   -32.1
 6018.   -37.8
 6819.   -43.2
 7709.   -47.4
 8721.   -50.0
 9908.   -50.1
11375.   -47.2
13271.   -49.2
15913.   -50.7
20367.   -56.9

 ========Relative Humidity========
Hmsl/FHR:    3.
  280.    87.8
  314.    89.2
  514.    72.4
  719.    61.3
  928.    64.6
 1143.    60.1
 1364.    58.9
 1591.    61.0
 1825.    59.3
 2065.    57.2
 2313.    33.3
 2568.    14.5
 2832.    13.4
 3383.     9.7
 3972.     6.2
 4605.     8.4
 5284.    11.3
 6018.    13.6
 6819.    16.7
 7709.    16.2
 8721.    14.2
 9908.    14.3
11375.     7.8
13271.     1.4
15913.     1.4
20367.     1.5

 ========Wind Direction========
Hmsl/FHR:    3.
  280.   317.7
  314.   321.5
  514.   328.4
  719.   337.2
  928.   327.6
 1143.   323.3
 1364.   321.6
 1591.   319.4
 1825.   316.6
 2065.   316.3
 2313.   315.0
 2568.   313.3
 2832.   311.2
 3383.   309.8
 3972.   312.8
 4605.   313.6
 5284.   312.3
 6018.   311.7
 6819.   312.5
 7709.   313.0
 8721.   312.1
 9908.   304.6
11375.   290.2
13271.   279.8
15913.   273.0
20367.   261.7

 ========Wind Speed m/s=========
Hmsl/FHR:    3.
  280.     3.3
  314.     4.4
  514.     8.0
  719.    10.4
  928.    12.8
 1143.    13.4
 1364.    12.9
 1591.    12.4
 1825.    11.9
 2065.    11.7
 2313.    11.6
 2568.    11.8
 2832.    12.3
 3383.    13.5
 3972.    14.6
 4605.    15.5
 5284.    16.2
 6018.    16.6
 6819.    17.2
 7709.    18.7
 8721.    19.4
 9908.    19.6
11375.    19.6
13271.    23.6
15913.    20.2
20367.    15.6
Text Results
US Dept. of Commerce |  NOAA |  NOAA Research |  ARLPrivacy |  Disclaimer |  Information Quality 
Accessibility |  webmaster
