
SNPARM = PRES;TMPC;TMWC;DWPC;THTE;DRCT;SKNT;OMEG;CFRL;HGHT
STNPRM = SHOW;LIFT;SWET;KINX;LCLP;PWAT;TOTL;CAPE;LCLT;CINS;EQLV;LFCT;BRCH

STID = KBTL STNM = 725396 TIME = 140215/2300
SLAT = 42.3 SLON = -85.25 SELV = 274
STIM = 0

SHOW = 14.72 LIFT = 18.55 SWET = 57.11 KINX = -11.09
LCLP = 887.48 PWAT = 4.54 TOTL = 27.75 CAPE = 0.00
LCLT = 258.94 CINS = 0.00 EQLV = -9999.00 LFCT = -9999.00
BRCH = 0.00

PRES TMPC TMWC DWPC THTE DRCT SKNT OMEG
CFRL HGHT
982.80 -6.56 -8.20 -12.96 272.01 198.43 2.46 0.00
0.00 277.97
979.90 -5.56 -7.72 -14.07 272.95 217.57 6.38 0.00
0.00 301.09
974.60 -5.96 -8.16 -14.89 272.74 224.03 8.11 0.00
0.00 343.58
965.30 -7.06 -8.91 -14.62 272.47 224.09 8.66 0.00
0.00 418.47
951.70 -8.16 -9.56 -13.79 272.74 225.00 9.35 0.00
0.00 528.85
934.10 -9.56 -10.51 -13.41 272.94 223.49 10.45 0.00
0.00 673.39
913.20 -11.06 -11.55 -13.04 273.36 223.73 12.37 0.00
0.00 847.65
890.20 -11.96 -12.92 -16.28 273.52 243.43 13.47 0.00
0.00 1043.18
865.40 -10.76 -13.16 -23.81 275.44 263.37 8.41 -0.10
0.00 1259.82
837.60 -9.06 -12.02 -24.35 279.80 281.31 7.93 -0.10
0.00 1511.52
806.90 -8.46 -11.01 -19.34 284.58 295.08 10.09 -0.20
0.00 1800.66
773.30 -9.66 -11.56 -17.19 287.51 299.64 12.97 -0.20
0.00 2129.70
736.80 -12.86 -14.48 -20.17 287.27 299.32 16.27 -0.20
0.00 2500.63
697.30 -15.96 -17.49 -24.04 287.58 298.94 18.88 -0.20
0.00 2918.19
654.90 -18.86 -20.42 -28.89 288.72 297.08 19.21 -0.20
0.00 3388.01
609.60 -22.06 -23.57 -34.16 290.38 293.27 21.16 -0.10
0.00 3918.36
561.90 -26.66 -27.52 -34.15 291.87 289.46 27.42 -0.10
0.00 4511.88
515.70 -29.96 -30.34 -33.30 295.32 290.56 38.20 0.00
0.00 5126.97
474.00 -32.36 -32.70 -35.61 299.34 291.89 45.88 0.00
0.00 5724.40
436.80 -36.66 -36.95 -40.38 300.50 291.68 53.13 0.10
0.00 6295.46
403.30 -41.56 -41.81 -46.25 300.67 292.42 56.56 0.10
0.00 6842.20
373.00 -45.56 -45.78 -51.43 301.93 296.66 54.59 0.20
0.00 7367.14
345.70 -49.36 -49.55 -56.96 303.25 292.45 50.90 0.20
0.00 7869.31
321.20 -52.36 -52.58 -69.64 305.37 286.88 52.21 0.10
0.00 8347.63
299.10 -54.26 -54.47 -97.27 308.92 285.18 51.96 0.10
0.00 8806.38
279.30 -54.46 -54.66 -70.62 314.78 287.37 52.75 0.00
0.00 9245.04
261.40 -53.36 -53.60 -71.08 322.40 293.33 55.46 0.00
0.00 9670.12
244.80 -51.76 -52.07 -71.53 330.88 298.76 58.98 0.00
0.00 10093.79
229.80 -50.16 -50.54 -67.09 339.39 301.00 59.64 0.00
0.00 10505.06
216.10 -49.06 -49.52 -67.53 347.10 298.88 55.94 0.00
0.00 10907.29
202.40 -47.96 -48.52 -68.00 355.38 291.63 49.56 0.00
0.00 11337.98
188.70 -47.06 -47.72 -68.50 364.01 282.98 43.29 0.00
0.00 11800.92
174.90 -47.66 -48.35 -73.81 370.95 277.80 38.65 0.00
0.00 12302.87
161.20 -48.86 -49.52 -74.35 377.67 281.77 38.12 0.00
0.00 12839.85
147.50 -48.96 -49.67 -74.94 387.19 286.78 40.40 0.00
0.00 13422.87
133.80 -48.76 -49.55 -75.58 398.47 282.98 43.29 0.00
0.00 14062.90
120.00 -49.46 -50.28 -76.29 409.76 276.55 47.74 0.00
0.00 14776.80
106.30 -51.16 -51.94 -102.24 420.90 274.31 49.12 0.00
0.00 15567.57
92.60 -52.76 -53.51 -102.87 434.65 273.62 46.16 0.00
0.00 16460.95
79.80 -54.46 -55.17 -103.55 450.01 273.38 42.84 0.00
0.00 17416.99
69.60 -55.46 -56.18 -104.17 465.78 272.44 41.05 0.00
0.00 18290.48
61.30 -55.56 -56.36 -104.74 482.75 269.17 40.05 0.00
0.00 19099.49
53.60 -56.06 -56.92 -105.34 500.45 264.73 38.07 0.00
0.00 19953.48
46.30 -56.06 -57.01 -82.26 521.88 260.19 36.49 0.00
0.00 20883.87
39.60 -55.96 -57.07 -83.19 545.94 257.50 36.83 0.00
0.00 21877.45
33.40 -55.96 -57.25 -84.21 573.12 255.05 38.43 0.00
0.00 22960.01
27.50 -54.66 -56.40 -85.34 609.44 248.71 40.68 0.00
0.00 24199.47
22.10 -51.46 -54.27 -86.60 658.18 240.22 43.45 0.00
0.00 25607.89
17.00 -46.16 -51.35 -110.25 726.20 238.17 48.28 0.00
0.00 27330.85
12.30 -43.06 -50.74 -111.58 807.34 241.17 57.24 0.00
0.00 29495.82

STID = KBTL STNM = 725396 TIME = 140216/0000
SLAT = 42.30 SLON = -85.25 SELV = 274.00
STIM = 1

SHOW = 13.65 LIFT = 17.91 SWET = 53.76 KINX = -8.78
LCLP = 904.91 PWAT = 4.79 TOTL = 29.83 CAPE = 0.00
LCLT = 259.01 CINS = 0.00 EQLV = -9999.00 LFCT = -9999.00
BRCH = 0.00

PRES TMPC TMWC DWPC THTE DRCT SKNT OMEG
CFRL HGHT
982.90 -7.96 -9.25 -13.13 270.52 185.71 3.91 0.00
0.00 279.53
980.00 -6.56 -8.18 -12.82 272.29 194.74 7.64 0.00
0.00 302.54
974.60 -6.26 -7.93 -12.64 273.11 203.96 9.57 0.00
0.00 345.73
965.30 -6.86 -8.36 -12.59 273.30 207.05 10.26 -0.10
0.00 420.62
951.70 -7.86 -9.09 -12.61 273.43 208.44 10.61 -0.10
0.00 531.12
934.10 -9.26 -10.15 -12.76 273.46 208.86 10.87 -0.10
0.00 675.83
913.20 -10.86 -11.12 -11.88 273.97 211.91 12.14 0.00
0.00 850.27
890.20 -11.36 -12.49 -16.38 274.12 227.17 10.87 0.10
0.00 1046.10
865.40 -9.66 -12.30 -23.47 276.65 239.74 8.10 0.10
0.00 1263.45
837.60 -8.36 -11.40 -23.34 280.71 253.01 7.32 0.00
0.00 1516.02
806.90 -8.16 -10.71 -18.79 285.05 270.00 8.75 0.00
0.00 1805.71
773.30 -9.66 -11.58 -17.28 287.48 280.30 10.87 -0.10
0.00 2134.94
736.80 -12.96 -14.52 -19.95 287.22 288.18 13.71 -0.10
0.00 2505.80
697.30 -16.16 -17.60 -23.76 287.42 291.04 16.24 -0.20
0.00 2923.13
654.90 -18.96 -20.54 -29.29 288.54 287.56 16.11 -0.20
0.00 3392.67
609.70 -22.16 -23.57 -33.05 290.38 285.36 18.34 -0.20
0.00 3921.60
561.90 -26.46 -26.98 -30.32 292.64 290.85 26.21 -0.10
0.00 4516.47
515.70 -30.06 -30.39 -32.85 295.27 297.82 35.82 -0.10
0.00 5131.72
474.00 -32.86 -33.21 -36.41 298.62 295.87 43.21 0.00
0.00 5728.41
436.80 -36.76 -37.11 -41.55 300.27 292.83 52.09 0.10
0.00 6298.74
403.30 -41.26 -41.55 -46.87 301.03 292.39 56.13 0.00
0.00 6845.71
373.00 -45.26 -45.52 -52.44 302.29 293.90 54.22 -0.10
0.00 7371.33
345.70 -49.06 -49.26 -56.96 303.66 291.36 51.76 -0.10
0.00 7874.16
321.20 -52.56 -52.75 -64.63 305.13 287.26 51.09 -0.10
0.00 8352.60
299.10 -54.46 -54.67 -97.27 308.64 284.57 51.01 0.00
0.00 8810.93
279.30 -54.26 -54.46 -70.62 315.06 287.63 52.62 0.00
0.00 9249.59
261.40 -53.56 -53.80 -71.08 322.10 294.11 54.73 0.00
0.00 9674.67
244.80 -52.26 -52.56 -71.53 330.13 298.80 55.68 0.00
0.00 10097.66
229.80 -50.56 -50.92 -67.09 338.78 301.49 54.71 0.00
0.00 10508.10
216.10 -49.16 -49.62 -67.53 346.94 298.24 53.40 0.00
0.00 10909.88
202.40 -48.16 -48.71 -68.00 355.07 289.84 52.69 0.00
0.00 11340.29
188.70 -47.76 -48.37 -68.50 362.89 282.86 50.64 0.00
0.00 11802.30
174.90 -48.36 -48.98 -69.04 369.85 281.16 44.18 0.00
0.00 12302.70
161.20 -49.26 -49.89 -74.35 376.99 286.73 39.17 0.00
0.00 12838.37
147.50 -49.26 -49.95 -74.94 386.67 293.01 39.28 0.00
0.00 13420.47
133.80 -48.96 -49.74 -75.58 398.12 287.84 41.25 0.00
0.00 14059.79
120.00 -49.66 -50.46 -76.29 409.40 277.50 47.64 0.00
0.00 14773.05
106.30 -51.56 -52.31 -102.24 420.14 274.71 52.08 0.00
0.00 15562.77
92.60 -53.26 -53.97 -102.87 433.67 276.19 48.68 0.00
0.00 16454.32
79.80 -54.76 -55.45 -103.55 449.39 277.22 43.30 0.00
0.00 17408.63
69.60 -55.36 -56.09 -104.17 465.99 274.16 40.15 0.00
0.00 18281.71
61.30 -55.16 -56.00 -104.74 483.63 267.71 38.91 0.00
0.00 19091.65
53.60 -55.46 -56.38 -105.34 501.83 260.78 37.61 0.00
0.00 19947.61
46.30 -55.46 -56.48 -82.26 523.32 255.67 36.91 0.00
0.00 20880.57
39.60 -55.36 -56.54 -83.19 547.45 254.21 38.58 0.00
0.00 21876.89
33.40 -55.26 -56.65 -84.21 574.97 253.83 40.48 0.00
0.00 22962.69
27.50 -54.56 -56.32 -85.34 609.72 249.82 44.52 0.00
0.00 24204.43
22.10 -52.86 -55.33 -86.60 654.02 246.89 47.55 0.00
0.00 25608.69
17.00 -48.36 -52.76 -110.25 719.16 247.02 47.30 0.00
0.00 27317.83
12.30 -43.66 -51.06 -111.58 805.24 252.35 53.85 0.00
0.00 29469.54

STID = KBTL STNM = 725396 TIME = 140216/0100
SLAT = 42.30 SLON = -85.25 SELV = 274.00
STIM = 2

SHOW = 12.30 LIFT = 17.09 SWET = 54.86 KINX = -6.67
LCLP = 926.26 PWAT = 4.97 TOTL = 32.49 CAPE = 0.00
LCLT = 259.30 CINS = 0.00 EQLV = -9999.00 LFCT = -9999.00
BRCH = 0.00

PRES TMPC TMWC DWPC THTE DRCT SKNT OMEG
CFRL HGHT
982.50 -9.46 -10.35 -13.14 269.02 183.01 3.70 0.00
0.00 278.71
979.50 -7.76 -8.90 -12.17 271.31 194.04 8.01 0.00
0.00 302.41
974.20 -6.66 -7.99 -11.61 273.08 207.90 11.22 0.00
0.00 344.69
964.90 -6.96 -8.18 -11.50 273.60 211.61 11.87 -0.10
0.00 419.55
951.30 -7.96 -8.91 -11.52 273.73 212.32 11.27 -0.10
0.00 530.06
933.70 -9.36 -9.99 -11.76 273.74 210.41 10.37 -0.10
0.00 674.79
912.80 -10.66 -11.12 -12.49 274.00 211.16 9.77 0.00
0.00 849.34
889.90 -10.26 -11.93 -17.86 274.92 225.83 9.48 0.10
0.00 1044.88
865.00 -8.66 -11.46 -22.51 277.91 236.63 9.54 0.10
0.00 1264.05
837.30 -7.86 -11.01 -23.03 281.33 242.35 9.22 0.00
0.00 1516.53
806.60 -8.16 -10.77 -19.12 285.00 253.61 10.33 0.00
0.00 1806.61
773.00 -9.86 -11.77 -17.57 287.21 264.99 11.12 0.00
0.00 2135.83
736.50 -13.06 -14.56 -19.74 287.20 277.88 12.76 0.00
0.00 2506.62
697.00 -16.26 -17.68 -23.76 287.34 281.46 14.68 0.00
0.00 2923.97
654.70 -19.06 -20.58 -28.89 288.52 273.01 14.79 0.00
0.00 3392.40
609.40 -22.26 -23.15 -28.00 291.05 277.59 17.65 0.00
0.00 3922.54
561.70 -25.96 -26.34 -28.54 293.57 291.65 27.40 -0.10
0.00 4516.96
515.50 -30.56 -30.89 -33.53 294.59 298.35 33.57 -0.10
100.00 5132.44
473.80 -33.86 -34.15 -36.98 297.34 297.91 40.69 -0.10
100.00 5727.51
436.60 -37.06 -37.34 -40.76 300.00 295.84 48.16 -0.10
0.00 6296.54
403.10 -41.66 -41.90 -46.25 300.59 293.26 49.72 -0.10
0.00 6842.96
372.80 -45.56 -45.78 -51.44 301.97 289.45 48.44 -0.10
0.00 7368.05
345.60 -48.96 -49.19 -58.75 303.78 286.61 48.28 -0.10
0.00 7869.03
321.10 -51.86 -52.10 -69.64 306.09 283.75 47.43 0.00
0.00 8348.46
299.00 -52.96 -53.21 -97.28 310.79 283.16 49.51 0.10
0.00 8809.24
279.10 -52.86 -53.10 -70.62 317.14 287.84 53.30 0.10
0.00 9253.27
261.30 -52.66 -52.92 -71.08 323.46 292.21 55.01 0.10
0.00 9678.43
244.70 -51.76 -52.08 -71.53 330.92 294.72 53.92 0.10
0.00 10102.93
229.70 -50.36 -50.75 -71.96 339.08 297.04 52.16 0.10
0.00 10514.19
216.00 -49.06 -49.52 -67.53 347.14 295.80 51.81 0.10
0.00 10916.42
202.30 -47.96 -48.52 -68.00 355.43 290.29 53.26 0.10
0.00 11347.32
188.60 -47.66 -48.28 -68.50 363.10 286.38 53.08 0.10
0.00 11809.88
174.90 -48.16 -48.82 -73.81 370.13 288.59 46.35 0.10
0.00 12307.12
161.10 -48.76 -49.43 -74.35 377.90 295.03 39.05 0.10
0.00 12847.70
147.40 -48.86 -49.58 -74.94 387.44 298.16 37.48 0.10
0.00 13431.35
133.70 -48.66 -49.46 -75.58 398.73 288.62 38.36 0.10
0.00 14072.12
120.00 -49.26 -50.09 -76.29 410.13 275.39 45.49 0.10
0.00 14781.59
106.30 -51.06 -51.83 -77.07 421.15 272.77 52.35 0.10
0.00 15572.91
92.60 -52.46 -53.23 -102.87 435.24 277.49 49.21 0.10
0.00 16467.09
79.80 -53.56 -54.35 -103.55 451.86 279.60 40.81 0.00
0.00 17425.75
69.60 -54.36 -55.18 -104.17 468.13 276.14 36.36 0.00
0.00 18303.24
61.30 -54.96 -55.82 -104.74 484.08 269.37 35.57 0.00
0.00 19115.40
53.50 -55.86 -56.74 -105.35 501.17 262.53 35.88 0.00
0.00 19982.87
46.30 -56.26 -57.19 -82.26 521.40 260.23 35.50 0.00
0.00 20901.40
39.60 -56.16 -57.25 -83.19 545.44 260.24 36.69 0.00
0.00 21894.06
33.30 -55.96 -57.25 -84.22 573.62 260.11 38.48 0.00
0.00 22995.18
27.50 -55.76 -57.32 -85.34 606.37 254.02 41.65 0.00
0.00 24212.44
22.10 -54.76 -56.82 -86.60 648.38 250.00 44.89 0.00
0.00 25606.78
17.00 -50.56 -54.25 -110.25 712.12 248.88 45.84 0.00
0.00 27300.17
12.30 -44.46 -51.50 -111.58 802.43 259.54 51.39 0.00
0.00 29437.68

STID = KBTL STNM = 725396 TIME = 140216/0200
SLAT = 42.30 SLON = -85.25 SELV = 274.00
STIM = 3

SHOW = 11.43 LIFT = 16.70 SWET = 51.42 KINX = -6.32
LCLP = 936.69 PWAT = 5.03 TOTL = 34.05 CAPE = 0.00
LCLT = 259.52 CINS = 0.00 EQLV = -9999.00 LFCT = -9999.00
BRCH = 0.00

PRES TMPC TMWC DWPC THTE DRCT SKNT OMEG
CFRL HGHT
982.70 -10.06 -10.77 -13.05 268.41 183.37 3.31 0.00
0.00 279.48
979.80 -8.56 -9.42 -11.93 270.55 196.14 7.69 0.00
0.00 302.33
974.40 -7.26 -8.32 -11.22 272.58 210.96 11.33 0.00
0.00 345.28
965.20 -7.46 -8.47 -11.19 273.16 215.54 11.70 0.00
0.00 419.17
951.50 -8.36 -9.12 -11.22 273.41 212.23 10.57 0.00
0.00 530.27
934.00 -9.46 -10.06 -11.75 273.61 206.03 9.30 0.00
0.00 674.01
913.00 -10.16 -11.16 -14.30 273.91 206.00 8.87 -0.10
0.00 849.47
890.10 -9.56 -11.69 -19.65 275.22 220.73 9.23 -0.10
0.00 1045.38
865.30 -8.36 -11.23 -22.50 278.20 235.01 9.49 -0.10
0.00 1264.02
837.50 -7.46 -10.70 -22.87 281.77 241.29 9.31 -0.10
0.00 1517.68
806.80 -7.86 -10.62 -19.57 285.18 248.96 10.83 -0.10
0.00 1808.06
773.20 -9.76 -11.79 -18.05 287.15 256.43 11.60 -0.10
0.00 2137.44
736.70 -12.96 -14.56 -20.17 287.17 268.15 12.06 0.00
0.00 2508.26
697.20 -16.16 -17.68 -24.33 287.31 267.47 13.23 0.00
0.00 2925.64
654.90 -18.96 -20.16 -25.92 289.12 256.14 15.42 0.10
0.00 3394.14
609.60 -21.96 -22.41 -24.46 292.10 266.19 20.46 0.00
0.00 3924.59
561.80 -25.86 -26.19 -28.05 293.77 287.35 26.07 -0.10
100.00 4520.64
515.60 -30.96 -31.24 -33.53 294.09 296.23 29.90 0.00
100.00 5135.64
474.00 -34.66 -34.94 -37.89 296.22 296.83 37.47 0.10
100.00 5727.62
436.70 -38.06 -38.31 -41.56 298.64 298.90 42.63 0.10
100.00 6295.82
403.20 -42.16 -42.37 -46.25 299.92 296.94 40.34 0.10
0.00 6840.35
372.90 -45.96 -46.16 -51.43 301.42 287.54 39.34 0.00
0.00 7364.28
345.70 -49.06 -49.29 -58.75 303.62 282.70 42.44 0.00
0.00 7864.56
321.20 -51.16 -51.42 -69.64 307.03 281.11 43.38 0.00
0.00 8344.50
299.10 -52.16 -52.40 -70.14 311.93 284.67 46.82 0.00
0.00 8806.69
279.20 -52.76 -53.00 -70.62 317.26 291.18 50.03 0.10
0.00 9251.48
261.40 -52.36 -52.63 -71.08 323.86 292.55 52.20 0.10
0.00 9676.86
244.80 -51.06 -51.40 -71.53 331.93 294.27 52.03 0.10
0.00 10102.16
229.80 -49.66 -50.09 -71.96 340.10 295.50 51.47 0.10
0.00 10514.54
216.10 -48.66 -49.17 -72.38 347.67 293.62 52.40 0.10
0.00 10917.58
202.30 -47.86 -48.43 -68.00 355.59 289.93 54.17 0.10
0.00 11352.00
188.60 -47.56 -48.19 -68.50 363.26 288.37 54.28 0.00
0.00 11814.77
174.90 -48.06 -48.72 -73.81 370.29 290.74 48.85 0.00
0.00 12312.23
161.20 -48.76 -49.43 -74.35 377.84 294.02 41.07 0.00
0.00 12848.85
147.50 -49.06 -49.76 -74.94 387.02 293.04 36.75 0.00
0.00 13431.86
133.70 -48.86 -49.65 -75.58 398.38 283.96 37.06 0.00
0.00 14076.51
120.00 -49.56 -50.37 -76.29 409.58 272.77 44.18 0.00
0.00 14785.19
106.30 -51.26 -52.01 -77.07 420.77 271.29 51.91 0.00
0.00 15575.62
92.60 -52.56 -53.33 -102.87 435.05 278.44 50.31 0.00
0.00 16469.19
79.80 -53.26 -54.07 -103.55 452.47 282.83 40.27 0.00
0.00 17428.29
69.60 -54.16 -54.99 -104.17 468.56 277.42 33.13 0.00
0.00 18306.78
61.30 -55.26 -56.09 -104.74 483.41 273.00 33.48 0.00
0.00 19118.76
53.50 -55.96 -56.83 -105.35 500.94 269.39 36.35 0.00
0.00 19985.43
46.30 -55.86 -56.83 -82.26 522.36 269.11 37.52 0.00
0.00 20904.59
39.60 -55.26 -56.46 -83.19 547.70 270.90 36.94 0.00
0.00 21900.23
33.40 -54.76 -56.22 -84.21 576.29 268.81 37.52 0.00
0.00 22987.52
27.50 -54.06 -55.91 -85.34 611.12 258.97 38.62 0.00
0.00 24232.10
22.10 -52.66 -55.18 -86.60 654.62 250.02 43.23 0.00
0.00 25638.61
17.00 -48.66 -52.94 -88.09 718.31 248.12 50.06 0.00
0.00 27347.36
12.30 -43.56 -51.01 -111.58 805.59 256.68 53.14 0.00
0.00 29498.13

STID = KBTL STNM = 725396 TIME = 140216/0300
SLAT = 42.30 SLON = -85.25 SELV = 274.00
STIM = 4

SHOW = 11.36 LIFT = 17.01 SWET = 52.31 KINX = -5.02
LCLP = 944.50 PWAT = 4.95 TOTL = 33.34 CAPE = 0.00
LCLT = 259.88 CINS = 0.00 EQLV = -9999.00 LFCT = -9999.00
BRCH = 0.00

PRES TMPC TMWC DWPC THTE DRCT SKNT OMEG
CFRL HGHT
982.20 -10.36 -10.94 -12.80 268.22 165.96 3.21 0.00
0.00 278.70
979.30 -9.06 -9.79 -11.93 270.07 180.00 6.61 0.00
0.00 301.52
973.90 -7.76 -8.72 -11.38 272.05 201.57 8.99 0.00
0.00 344.41
964.60 -7.86 -8.79 -11.35 272.75 206.03 9.30 0.00
0.00 419.02
951.00 -8.66 -9.43 -11.60 273.00 197.20 8.55 0.00
0.00 529.23
933.50 -9.26 -10.22 -13.09 273.41 191.82 8.54 0.00
0.00 673.00
912.50 -9.46 -11.18 -17.12 273.90 199.65 8.67 -0.10
0.00 848.84
889.60 -8.86 -11.56 -22.66 275.40 219.96 9.38 -0.10
0.00 1045.35
864.80 -7.86 -11.05 -24.17 278.48 235.71 10.35 -0.10
0.00 1264.59
837.10 -7.16 -10.51 -23.03 282.10 241.76 11.91 -0.10
0.00 1517.84
806.40 -8.06 -10.96 -20.91 284.69 244.84 14.17 -0.20
0.00 1808.41
772.80 -9.96 -12.15 -19.29 286.63 247.50 14.73 -0.20
0.00 2137.68
736.30 -13.16 -14.69 -20.07 287.02 252.39 12.85 -0.20
0.00 2508.41
696.90 -16.46 -17.66 -22.58 287.39 248.37 12.13 -0.10
0.00 2924.55
654.50 -18.96 -19.56 -21.98 290.07 247.58 16.82 0.10
0.00 3394.18
609.20 -21.36 -21.80 -23.72 293.04 272.35 23.73 0.20
0.00 3925.66
561.50 -25.76 -26.19 -28.71 293.81 288.87 24.03 0.30
100.00 4521.65
515.30 -30.86 -31.22 -34.26 294.17 294.04 27.67 0.30
100.00 5137.23
473.70 -34.56 -34.85 -37.89 296.39 298.90 34.19 0.30
100.00 5729.81
436.50 -38.26 -38.49 -41.56 298.42 299.74 36.04 0.20
0.00 6296.68
403.00 -42.46 -42.65 -46.25 299.57 296.86 33.56 0.10
0.00 6840.88
372.70 -46.26 -46.45 -51.44 301.07 285.58 33.30 0.10
0.00 7364.40
345.50 -49.06 -49.29 -58.75 303.67 279.79 38.86 0.00
0.00 7864.63
321.00 -50.66 -50.93 -69.65 307.78 281.47 41.06 0.00
0.00 8345.39
298.90 -51.86 -52.11 -70.15 312.41 291.07 42.70 0.00
0.00 8808.72
279.10 -52.66 -52.91 -70.62 317.43 296.02 46.07 0.10
0.00 9251.90
261.20 -51.46 -51.77 -71.08 325.25 297.47 49.30 0.10
0.00 9680.88
244.60 -50.06 -50.42 -66.63 333.55 297.77 49.65 0.10
0.00 10108.35
229.70 -48.96 -49.40 -67.09 341.26 294.99 50.61 0.10
0.00 10519.80
215.90 -48.26 -48.77 -67.54 348.43 291.37 52.81 0.00
0.00 10927.05
202.20 -47.66 -48.24 -68.01 355.96 288.95 54.46 0.00
0.00 11359.21
188.50 -47.46 -48.12 -73.30 363.43 288.57 53.11 0.00
0.00 11822.52
174.80 -47.86 -48.54 -73.81 370.68 290.61 48.59 0.00
0.00 12320.59
161.10 -48.36 -49.06 -74.35 378.58 292.68 42.34 0.00
0.00 12858.24
147.40 -48.76 -49.48 -74.94 387.61 289.86 37.20 0.00
0.00 13442.55
133.70 -48.86 -49.65 -75.58 398.38 281.13 36.25 0.00
0.00 14083.17
120.00 -49.56 -50.37 -76.29 409.58 272.12 42.01 0.00
0.00 14791.85
106.20 -50.96 -51.74 -77.08 421.46 271.12 49.77 0.00
0.00 15588.95
92.50 -52.26 -53.05 -102.88 435.77 278.13 50.86 0.00
0.00 16484.64
79.80 -53.16 -53.98 -103.55 452.68 284.93 42.25 0.00
0.00 17437.64
69.60 -53.96 -54.81 -104.17 468.99 278.85 32.85 0.00
0.00 18316.73
61.30 -55.36 -56.18 -104.74 483.19 274.06 32.93 0.00
0.00 19128.89
53.50 -56.36 -57.19 -105.35 500.02 275.86 36.15 0.00
0.00 19994.57
46.30 -56.06 -57.01 -82.26 521.88 279.51 37.64 0.00
0.00 20912.46
39.60 -55.46 -56.63 -83.19 547.20 282.80 35.08 0.00
0.00 21907.18
33.30 -55.26 -56.65 -84.22 575.46 277.99 33.56 0.00
0.00 23011.85
27.50 -55.06 -56.73 -85.34 608.33 262.10 33.95 0.00
0.00 24233.03
22.10 -54.06 -56.27 -86.60 650.46 248.40 40.14 0.00
0.00 25631.85
17.00 -50.16 -53.96 -88.09 713.52 245.15 49.48 0.00
0.00 27329.48
12.30 -43.86 -51.17 -111.58 804.54 248.43 53.93 0.00
0.00 29471.72

STID = KBTL STNM = 725396 TIME = 140216/0400
SLAT = 42.30 SLON = -85.25 SELV = 274.00
STIM = 5

SHOW = 12.25 LIFT = 17.69 SWET = 51.95 KINX = -5.59
LCLP = 949.73 PWAT = 4.98 TOTL = 30.17 CAPE = 0.00
LCLT = 259.52 CINS = 0.00 EQLV = -9999.00 LFCT = -9999.00
BRCH = 0.00

PRES TMPC TMWC DWPC THTE DRCT SKNT OMEG
CFRL HGHT
980.60 -11.26 -11.72 -13.25 267.29 157.62 3.57 0.00
0.00 278.69
977.70 -9.76 -10.38 -12.27 269.37 167.62 8.16 0.00
0.00 301.48
972.40 -8.36 -9.23 -11.71 271.45 185.49 10.15 0.00
0.00 343.54
963.10 -8.26 -9.19 -11.83 272.30 190.68 10.48 0.00
0.00 418.12
949.50 -8.96 -9.84 -12.40 272.55 186.46 10.37 0.00
0.00 528.35
932.00 -9.46 -10.61 -14.22 272.98 184.24 10.53 0.00
0.00 672.21
911.10 -9.56 -11.43 -18.15 273.67 191.94 10.33 -0.10
0.00 847.37
888.20 -9.16 -11.94 -24.05 274.98 206.57 10.43 -0.10
0.00 1044.03
863.50 -8.26 -11.61 -26.96 277.77 221.47 11.15 -0.20
0.00 1262.41
835.80 -7.36 -10.81 -24.55 281.74 233.47 13.06 -0.20
0.00 1515.75
805.10 -8.16 -11.15 -21.72 284.54 240.34 16.11 -0.20
0.00 1806.60
771.60 -10.46 -12.35 -18.37 286.47 236.31 15.42 -0.20
0.00 2135.04
735.10 -13.46 -14.69 -18.84 287.17 223.75 12.65 0.00
0.00 2505.81
695.80 -15.96 -16.78 -19.68 288.85 226.47 16.09 0.00
0.00 2921.77
653.50 -18.26 -18.68 -20.21 291.50 255.30 24.52 0.00
0.00 3392.19
608.30 -21.36 -21.80 -23.74 293.16 279.54 23.46 0.00
0.00 3924.06
560.60 -25.66 -26.24 -29.78 293.88 287.69 23.67 0.10
0.00 4521.08
514.50 -30.46 -30.94 -35.04 294.69 293.79 26.98 0.20
0.00 5136.91
473.00 -34.56 -34.90 -38.56 296.45 300.07 29.87 0.10
0.00 5729.44
435.80 -38.56 -38.82 -42.43 298.11 299.74 28.21 0.20
0.00 6296.82
402.40 -42.46 -42.68 -46.89 299.66 289.88 26.87 0.20
0.00 6839.89
372.10 -46.06 -46.26 -51.45 301.47 281.24 30.92 0.20
0.00 7364.44
345.00 -48.66 -48.90 -58.76 304.34 284.26 36.30 0.10
0.00 7864.26
320.50 -50.36 -50.62 -64.65 308.37 293.51 37.52 0.00
0.00 8346.50
298.40 -51.96 -52.19 -65.18 312.46 300.96 38.54 0.00
0.00 8810.79
278.60 -51.76 -52.01 -65.68 318.93 300.26 43.21 0.10
0.00 9255.54
260.80 -50.56 -50.87 -66.17 326.76 299.48 46.22 0.10
0.00 9684.58
244.30 -49.26 -49.66 -66.64 334.86 295.76 49.21 0.00
0.00 10111.69
229.30 -48.16 -48.64 -67.10 342.64 293.01 53.22 0.00
0.00 10528.00
215.60 -47.76 -48.30 -67.55 349.34 292.02 55.98 0.00
0.00 10934.11
201.90 -47.46 -48.05 -68.02 356.42 291.73 55.66 0.00
0.00 11367.56
188.20 -47.16 -47.84 -73.32 364.08 291.25 52.56 0.00
0.00 11832.10
174.50 -47.46 -48.17 -73.82 371.52 291.33 48.62 0.00
0.00 12331.76
160.80 -47.76 -48.50 -74.37 379.79 291.02 44.98 0.00
0.00 12871.58
147.20 -47.96 -48.75 -74.95 389.14 287.43 42.17 -0.10
0.00 13454.37
133.50 -48.46 -49.28 -75.59 399.26 280.64 42.13 -0.10
0.00 14097.62
119.80 -49.46 -50.28 -76.30 409.96 273.56 46.94 -0.10
0.00 14808.22
106.10 -50.96 -51.74 -77.09 421.57 272.86 54.49 0.00
0.00 15600.76
92.40 -52.16 -52.96 -102.88 436.10 279.60 54.80 0.00
0.00 16497.56
79.70 -52.76 -53.62 -103.56 453.67 285.74 44.43 0.10
0.00 17452.75
69.50 -53.26 -54.18 -104.18 470.68 277.80 32.96 0.10
0.00 18335.22
61.20 -54.76 -55.64 -104.75 484.75 268.22 31.31 0.00
0.00 19151.05
53.50 -56.06 -56.92 -105.35 500.71 273.81 32.14 0.00
0.00 20008.12
46.20 -55.36 -56.39 -82.27 523.88 280.60 30.65 0.00
0.00 20941.89
39.50 -54.36 -55.68 -83.21 550.36 278.43 26.53 0.00
0.00 21943.06
33.30 -54.36 -55.89 -84.22 577.84 261.51 26.34 0.00
0.00 23036.61
27.50 -54.86 -56.57 -85.34 608.89 246.59 34.74 0.00
0.00 24260.87
22.00 -54.66 -56.75 -86.63 649.52 245.76 44.98 0.00
0.00 25687.41
17.00 -50.06 -53.89 -88.09 713.84 247.46 53.25 0.00
0.00 27353.80
12.30 -43.16 -50.79 -111.58 806.99 250.85 59.26 0.00
0.00 29499.83

STID = KBTL STNM = 725396 TIME = 140216/0500
SLAT = 42.30 SLON = -85.25 SELV = 274.00
STIM = 6

SHOW = 13.56 LIFT = 18.34 SWET = 50.70 KINX = -7.25
LCLP = 950.69 PWAT = 5.22 TOTL = 26.57 CAPE = 0.00
LCLT = 258.82 CINS = 0.00 EQLV = -9999.00 LFCT = -9999.00
BRCH = 0.00

PRES TMPC TMWC DWPC THTE DRCT SKNT OMEG
CFRL HGHT
981.70 -11.96 -12.40 -13.95 266.28 191.31 3.96 0.00
0.00 278.67
978.80 -10.16 -10.78 -12.76 268.72 188.47 9.24 0.00
0.00 301.39
973.40 -8.66 -9.55 -12.17 270.90 199.54 12.79 0.00
0.00 344.14
964.20 -8.46 -9.51 -12.61 271.74 207.65 13.82 -0.10
0.00 417.76
950.50 -9.06 -10.14 -13.46 272.02 209.05 14.01 -0.10
0.00 528.61
933.00 -9.66 -10.89 -14.85 272.50 208.67 14.18 -0.30
0.00 672.22
912.10 -10.06 -11.70 -17.57 273.20 209.74 14.10 -0.40
0.00 846.96
889.20 -9.96 -12.37 -22.51 274.32 211.66 13.70 -0.50
0.00 1042.93
864.40 -9.36 -12.49 -27.87 276.42 216.21 13.49 -0.60
0.00 1261.18
836.70 -8.36 -11.82 -27.75 280.12 226.74 13.61 -0.50
0.00 1513.22
806.10 -8.36 -11.19 -21.05 284.37 230.39 14.63 -0.30
0.00 1802.13
772.50 -10.66 -12.06 -16.14 286.85 217.15 16.09 -0.10
0.00 2130.93
736.00 -13.26 -14.07 -16.55 288.01 212.47 17.74 0.00
0.00 2501.32
696.50 -15.36 -15.86 -17.46 290.14 240.58 20.98 0.00
0.00 2919.64
654.20 -17.86 -18.23 -19.53 292.08 272.76 28.22 -0.10
0.00 3390.53
608.90 -21.46 -21.86 -23.61 292.99 273.84 26.11 -0.10
0.00 3923.36
561.30 -25.66 -26.15 -29.05 293.90 275.46 22.46 0.00
0.00 4518.35
515.10 -30.16 -30.70 -35.30 294.92 281.50 23.41 0.00
0.00 5135.15
473.50 -34.26 -34.67 -39.24 296.67 295.15 24.70 0.10
0.00 5729.19
436.30 -38.16 -38.52 -43.86 298.42 294.52 24.36 0.10
0.00 6296.77
402.80 -41.86 -42.19 -49.02 300.25 290.46 26.14 0.10
0.00 6842.04
372.50 -45.56 -45.83 -53.57 301.97 297.92 29.48 0.10
0.00 7367.31
345.30 -48.76 -49.00 -58.75 304.12 307.63 32.15 0.10
0.00 7868.92
320.80 -50.96 -51.17 -61.58 307.50 308.00 31.57 0.20
0.00 8349.98
298.80 -51.76 -51.97 -62.12 312.67 305.50 37.49 0.10
0.00 8811.23
278.90 -52.16 -52.40 -65.68 318.26 308.45 40.95 0.10
0.00 9257.49
261.10 -50.56 -50.87 -66.16 326.65 300.56 42.44 0.10
0.00 9685.66
244.50 -48.96 -49.37 -66.64 335.23 295.94 47.99 0.00
0.00 10115.22
229.50 -47.76 -48.26 -67.10 343.17 294.55 54.28 0.00
0.00 10531.83
215.80 -47.66 -48.20 -67.54 349.41 295.09 57.31 0.00
0.00 10938.03
202.10 -47.56 -48.15 -68.01 356.17 295.15 56.26 0.00
0.00 11371.06
188.40 -47.56 -48.19 -68.51 363.37 294.03 52.99 -0.10
0.00 11834.61
174.70 -47.96 -48.63 -73.81 370.58 291.97 49.88 -0.10
0.00 12332.73
161.00 -48.56 -49.24 -74.36 378.31 290.64 47.98 -0.10
0.00 12870.35
147.30 -49.36 -50.04 -74.95 386.65 289.94 46.73 -0.10
0.00 13453.99
133.60 -50.16 -50.84 -75.59 396.15 287.73 44.69 -0.10
0.00 14092.36
119.90 -51.16 -51.86 -101.68 406.69 281.55 44.64 -0.10
0.00 14797.01
106.20 -52.46 -53.14 -102.24 418.55 277.91 50.83 0.00
0.00 15583.16
92.50 -52.86 -53.60 -102.88 434.59 283.28 53.32 0.00
0.00 16474.60
79.80 -52.76 -53.62 -103.55 453.50 288.35 43.83 0.00
0.00 17427.16
69.50 -52.86 -53.82 -104.18 471.53 279.40 30.93 0.00
0.00 18318.53
61.20 -54.66 -55.55 -104.75 484.97 263.83 28.94 0.00
0.00 19135.29
53.50 -56.06 -56.92 -105.35 500.71 270.40 27.60 0.00
0.00 19992.55
46.30 -55.46 -56.48 -82.26 523.32 274.29 23.39 0.00
0.00 20912.35
39.60 -54.76 -56.02 -83.19 548.95 262.52 19.41 0.00
0.00 21910.04
33.30 -55.06 -56.48 -84.22 575.99 244.95 22.96 0.00
0.00 23016.99
27.50 -55.26 -56.90 -85.34 607.77 245.84 35.15 0.00
0.00 24238.17
22.10 -53.06 -55.49 -86.60 653.43 250.82 47.33 0.00
0.00 25639.55
17.00 -47.16 -51.97 -88.09 723.11 250.99 54.89 0.00
0.00 27352.54
12.30 -41.96 -50.16 -111.58 811.20 256.28 60.63 0.00
0.00 29517.99

STID = KBTL STNM = 725396 TIME = 140216/0600
SLAT = 42.30 SLON = -85.25 SELV = 274.00
STIM = 7

SHOW = 15.39 LIFT = 19.51 SWET = 52.44 KINX = -8.07
LCLP = 949.28 PWAT = 5.26 TOTL = 23.73 CAPE = 0.00
LCLT = 258.80 CINS = 0.00 EQLV = -9999.00 LFCT = -9999.00
BRCH = 0.00

PRES TMPC TMWC DWPC THTE DRCT SKNT OMEG
CFRL HGHT
981.80 -11.86 -12.33 -13.95 266.38 183.37 3.31 0.00
0.00 277.90
978.80 -10.66 -11.25 -13.18 268.08 191.89 7.55 0.00
0.00 301.38
973.50 -8.86 -9.82 -12.74 270.50 205.30 11.83 0.00
0.00 343.27
964.20 -8.56 -9.84 -13.81 271.26 218.90 14.24 0.10
0.00 417.64
950.60 -9.16 -10.51 -14.90 271.48 226.47 16.09 0.10
0.00 527.63
933.10 -10.06 -11.33 -15.61 271.86 229.61 17.10 0.00
0.00 671.08
912.10 -10.76 -12.15 -17.13 272.58 227.37 16.65 0.00
0.00 846.27
889.30 -11.06 -12.95 -20.58 273.52 224.47 14.98 0.00
0.00 1040.72
864.50 -10.66 -13.34 -26.30 275.25 222.80 14.31 0.00
0.00 1257.96
836.70 -9.66 -12.91 -29.48 278.53 228.67 15.01 -0.10
0.00 1509.66
806.10 -9.36 -12.22 -23.46 282.79 228.26 16.93 -0.20
0.00 1797.29
772.50 -11.36 -12.76 -17.11 285.76 215.27 19.52 -0.40
0.00 2125.01
736.00 -13.56 -14.07 -15.58 288.02 212.96 21.08 -0.60
0.00 2494.69
696.60 -14.96 -15.17 -15.79 291.19 259.35 19.98 -0.70
0.00 2912.04
654.20 -17.86 -18.00 -18.45 292.43 264.07 30.10 -0.60
0.00 3384.42
608.90 -21.66 -21.86 -22.68 293.00 259.45 28.67 -0.30
0.00 3917.07
561.30 -25.86 -26.23 -28.38 293.78 255.48 22.49 0.00
0.00 4511.61
515.10 -29.56 -30.22 -35.86 295.59 269.51 22.94 0.20
0.00 5128.92
473.50 -33.26 -33.91 -41.65 297.71 291.30 24.62 0.40
0.00 5724.92
436.30 -37.06 -37.62 -46.83 299.64 299.36 28.55 0.30
0.00 6295.00
402.80 -40.86 -41.42 -57.53 301.29 312.34 35.50 0.20
0.00 6842.70
372.60 -45.36 -45.71 -58.15 302.10 313.87 34.78 0.20
0.00 7367.51
345.30 -48.86 -49.10 -58.75 303.99 311.40 34.98 0.30
0.00 7871.01
320.80 -51.36 -51.56 -61.58 306.94 311.08 40.23 0.30
0.00 8351.53
298.80 -52.56 -52.74 -62.12 311.54 310.47 45.22 0.20
0.00 8811.53
278.90 -51.46 -51.72 -65.68 319.27 305.33 43.36 0.10
0.00 9257.69
261.10 -49.46 -49.82 -66.16 328.27 296.57 44.77 0.00
0.00 9687.60
244.50 -48.76 -49.18 -66.64 335.53 292.91 50.43 -0.10
0.00 10118.41
229.60 -48.66 -49.11 -67.09 341.76 292.97 56.79 -0.10
0.00 10531.51
215.80 -48.56 -49.05 -67.54 348.01 294.92 60.44 0.00
0.00 10938.95
202.10 -48.56 -49.08 -68.01 354.59 296.82 59.46 0.10
0.00 11370.16
188.40 -48.56 -49.12 -68.51 361.76 296.38 54.68 0.10
0.00 11831.65
174.70 -48.76 -49.38 -73.81 369.26 292.81 49.13 0.00
0.00 12327.78
161.00 -49.26 -49.89 -74.36 377.13 288.51 46.53 0.00
0.00 12863.61
147.30 -49.96 -50.60 -74.95 385.61 287.60 46.29 0.00
0.00 13445.56
133.60 -50.66 -51.33 -101.17 395.21 286.96 45.32 0.00
0.00 14082.36
119.90 -51.76 -52.42 -101.68 405.59 282.80 43.85 0.00
0.00 14785.26
106.20 -53.16 -53.79 -102.24 417.22 278.92 47.62 0.00
0.00 15569.10
92.50 -53.06 -53.79 -102.88 434.19 283.65 48.61 0.10
0.00 16458.72
79.80 -52.36 -53.25 -103.55 454.33 287.34 38.49 0.00
0.00 17411.72
69.50 -52.26 -53.28 -104.18 472.82 270.87 25.66 0.00
0.00 18305.10
61.20 -54.66 -55.55 -104.75 484.97 253.50 27.37 0.00
0.00 19122.99
53.50 -56.06 -56.92 -105.35 500.71 262.61 25.68 0.00
0.00 19980.25
46.30 -55.46 -56.48 -82.26 523.32 259.22 20.78 0.00
0.00 20900.04
39.60 -55.66 -56.81 -83.19 546.69 238.67 20.94 0.00
0.00 21895.68
33.30 -56.86 -58.03 -84.22 571.24 234.90 26.37 0.00
0.00 22995.78
27.50 -56.56 -57.99 -85.34 604.14 250.59 36.27 0.00
0.00 24208.28
22.10 -53.16 -55.57 -86.60 653.13 257.24 46.64 0.00
0.00 25605.18
17.00 -46.76 -51.71 -88.09 724.39 260.50 51.83 0.00
0.00 27319.31
12.30 -41.96 -50.16 -111.58 811.20 267.27 53.13 0.00
0.00 29486.66

STID = KBTL STNM = 725396 TIME = 140216/0700
SLAT = 42.30 SLON = -85.25 SELV = 274.00
STIM = 8

SHOW = 16.12 LIFT = 20.34 SWET = 60.20 KINX = -7.06
LCLP = 947.99 PWAT = 5.46 TOTL = 23.55 CAPE = 0.00
LCLT = 258.96 CINS = 0.00 EQLV = -9999.00 LFCT = -9999.00
BRCH = 0.00

PRES TMPC TMWC DWPC THTE DRCT SKNT OMEG
CFRL HGHT
980.90 -11.66 -12.14 -13.78 266.70 162.90 2.64 0.00
0.00 278.68
978.00 -10.56 -11.22 -13.37 268.19 174.64 6.25 0.00
0.00 301.41
972.60 -9.06 -10.05 -13.09 270.26 197.65 8.98 0.00
0.00 344.13
963.40 -8.66 -9.99 -14.18 271.12 216.25 10.85 0.00
0.00 417.72
949.70 -9.26 -10.66 -15.30 271.34 231.63 11.90 0.00
0.00 528.57
932.20 -10.16 -11.52 -16.23 271.67 239.93 12.80 0.00
0.00 672.10
911.30 -10.76 -12.29 -17.92 272.45 234.66 13.11 0.00
0.00 846.58
888.50 -10.96 -12.97 -21.30 273.56 229.86 12.97 0.00
0.00 1041.23
863.70 -10.56 -13.28 -26.52 275.40 230.30 13.39 -0.10
0.00 1258.75
836.00 -10.06 -12.95 -26.25 278.59 236.73 14.88 0.00
0.00 1509.63
805.40 -10.96 -12.26 -16.25 282.92 230.27 17.94 0.10
0.00 1796.48
771.80 -12.16 -12.60 -13.81 286.12 213.55 22.86 0.20
0.00 2123.09
735.30 -13.66 -13.89 -14.55 288.39 215.39 27.18 0.10
0.00 2492.54
695.90 -15.66 -15.77 -16.10 290.36 228.40 25.47 0.00
0.00 2909.66
653.60 -18.86 -18.89 -18.99 291.18 240.31 25.51 0.00
0.00 3379.81
608.40 -21.76 -22.00 -23.03 292.86 246.56 23.94 0.00
0.00 3910.58
560.70 -25.06 -25.71 -29.59 294.61 248.58 27.14 -0.10
0.00 4507.75
514.60 -28.86 -29.72 -37.40 296.35 266.47 31.55 -0.30
0.00 5126.21
473.00 -32.56 -33.40 -44.20 298.50 285.23 34.05 -0.40
0.00 5724.52
435.90 -36.26 -37.13 -59.19 300.37 297.02 43.64 -0.40
0.00 6295.40
402.50 -40.96 -41.56 -62.94 301.15 301.81 49.41 -0.30
0.00 6842.72
372.20 -45.26 -45.67 -63.53 302.25 302.75 49.23 -0.20
0.00 7369.74
345.00 -48.86 -49.15 -64.10 303.99 304.68 49.88 -0.10
0.00 7871.99
320.60 -51.66 -51.90 -69.66 306.50 307.26 51.05 0.00
0.00 8350.57
298.50 -52.86 -53.09 -70.16 311.12 310.19 52.41 0.10
0.00 8812.41
278.70 -52.06 -52.30 -65.68 318.47 310.15 53.66 0.10
0.00 9255.80
260.90 -50.26 -50.59 -66.16 327.17 305.08 53.44 0.10
0.00 9684.68
244.30 -49.06 -49.47 -66.64 335.16 297.84 54.52 0.00
0.00 10114.77
229.40 -48.86 -49.28 -64.12 341.58 295.44 57.47 -0.10
0.00 10527.76
215.70 -48.96 -49.40 -64.58 347.48 296.05 58.42 -0.10
0.00 10931.98
202.00 -49.06 -49.51 -62.91 353.94 296.91 57.11 0.00
0.00 11362.54
188.30 -49.06 -49.57 -65.58 361.06 296.66 54.16 0.00
0.00 11823.25
174.60 -48.86 -49.45 -69.05 369.21 294.21 50.72 0.10
0.00 12318.99
160.90 -49.06 -49.71 -74.36 377.53 290.06 47.60 0.10
0.00 12855.26
147.20 -49.66 -50.32 -74.95 386.21 287.51 45.86 0.10
0.00 13438.24
133.50 -50.46 -51.12 -75.59 395.70 287.01 44.52 0.10
0.00 14076.20
119.80 -51.16 -51.86 -101.68 406.78 282.92 43.48 0.10
0.00 14780.93
106.10 -51.66 -52.40 -102.25 420.18 276.37 45.57 0.10
0.00 15569.20
92.40 -51.56 -52.41 -102.88 437.29 277.85 45.52 0.10
0.00 16465.80
79.70 -51.16 -52.17 -103.56 456.96 276.62 35.42 0.00
0.00 17425.74
69.50 -52.06 -53.10 -104.18 473.25 253.42 26.57 0.00
0.00 18313.83
61.20 -55.16 -56.00 -104.75 483.86 246.61 31.34 0.00
0.00 19131.15
53.50 -56.66 -57.46 -105.35 499.33 259.70 28.25 0.00
0.00 19986.25
46.20 -55.46 -56.48 -82.27 523.64 253.61 24.11 0.00
0.00 20918.52
39.50 -55.56 -56.72 -83.21 547.34 239.68 26.57 0.00
0.00 21916.71
33.30 -56.56 -57.77 -84.22 572.03 236.13 34.18 0.00
0.00 23001.76
27.50 -56.36 -57.82 -85.34 604.70 249.73 40.41 0.00
0.00 24215.66
22.00 -54.36 -56.51 -86.63 650.41 250.12 44.03 0.00
0.00 25638.28
17.00 -49.96 -53.82 -88.09 714.16 250.33 45.62 0.00
0.00 27306.18
12.30 -43.76 -51.12 -111.58 804.89 254.66 45.55 0.00
0.00 29449.84

STID = KBTL STNM = 725396 TIME = 140216/0800
SLAT = 42.30 SLON = -85.25 SELV = 274.00
STIM = 9

SHOW = 14.81 LIFT = 19.77 SWET = 200.56 KINX = 2.32
LCLP = 945.12 PWAT = 6.15 TOTL = 32.98 CAPE = 0.00
LCLT = 259.54 CINS = 0.00 EQLV = -9999.00 LFCT = -9999.00
BRCH = 0.00

PRES TMPC TMWC DWPC THTE DRCT SKNT OMEG
CFRL HGHT
979.40 -10.96 -11.48 -13.18 267.72 173.99 3.71 0.00
0.00 277.92
976.40 -10.76 -11.35 -13.30 268.14 178.49 7.39 0.00
0.00 301.49
971.10 -9.16 -10.16 -13.28 270.22 187.59 11.77 0.00
0.00 343.46
961.90 -8.76 -10.10 -14.38 271.08 203.68 12.10 0.00
0.00 417.14
948.30 -9.46 -10.82 -15.32 271.25 218.05 11.35 0.00
0.00 527.28
930.80 -10.26 -11.51 -15.74 271.82 227.66 11.83 0.10
0.00 670.95
909.90 -10.66 -12.07 -17.05 272.90 225.58 13.61 0.00
0.00 845.70
887.10 -10.86 -12.63 -19.43 274.18 224.46 14.71 0.00
0.00 1040.74
862.40 -10.96 -12.76 -19.51 276.35 226.08 14.57 0.00
0.00 1257.63
834.70 -10.96 -11.86 -14.54 280.46 225.47 16.63 -0.10
0.00 1508.38
804.10 -10.96 -11.30 -12.20 284.53 218.51 23.10 -0.30
0.00 1795.32
770.60 -11.96 -12.08 -12.40 287.06 222.46 27.93 -0.50
0.00 2121.68
734.10 -13.86 -13.91 -14.07 288.50 228.81 26.86 -0.50
0.00 2491.74
694.80 -16.56 -16.60 -16.75 289.25 230.13 23.05 -0.40
0.00 2907.59
652.50 -17.56 -18.10 -20.03 292.49 240.55 27.68 -0.40
0.00 3378.85
607.40 -20.06 -20.81 -24.00 294.75 253.83 34.20 -0.40
0.00 3912.44
559.80 -24.26 -24.99 -29.08 295.79 266.19 35.07 -0.50
0.00 4512.30
513.80 -29.16 -29.67 -33.57 296.58 279.27 37.42 -0.40
0.00 5131.07
472.30 -33.26 -33.91 -41.68 297.93 288.36 45.67 -0.40
0.00 5727.65
435.20 -37.16 -37.95 -59.20 299.37 298.14 50.70 -0.30
0.00 6297.50
401.80 -41.06 -41.68 -68.06 301.13 310.04 54.08 -0.20
0.00 6844.56
371.60 -44.96 -45.41 -68.61 302.75 316.86 59.41 -0.10
0.00 7370.95
344.50 -48.56 -48.88 -69.15 304.48 316.61 58.85 0.00
0.00 7872.78
320.00 -51.56 -51.81 -69.67 306.80 313.62 56.92 0.10
0.00 8354.56
298.00 -52.66 -52.89 -70.17 311.55 312.45 58.75 0.10
0.00 8815.43
278.30 -52.36 -52.59 -65.69 318.17 313.36 62.29 0.10
0.00 9257.18
260.50 -51.66 -51.93 -66.18 325.25 313.30 60.37 0.00
0.00 9685.05
243.90 -50.66 -50.99 -66.65 332.92 309.13 55.13 0.00
0.00 10112.93
229.00 -49.76 -50.13 -64.13 340.38 304.71 54.62 0.00
0.00 10524.31
215.30 -48.96 -49.40 -64.59 347.67 301.92 55.88 0.00
0.00 10928.45
201.70 -48.76 -49.25 -65.07 354.52 300.16 56.88 0.00
0.00 11356.86
188.00 -48.76 -49.29 -65.59 361.71 299.48 56.49 0.10
0.00 11818.90
174.30 -48.86 -49.45 -69.06 369.39 297.90 52.35 0.10
0.00 12315.79
160.60 -49.26 -49.89 -74.38 377.40 295.19 47.04 0.10
0.00 12852.78
147.00 -49.06 -49.76 -74.96 387.39 291.66 44.76 0.10
0.00 13432.96
133.30 -48.86 -49.65 -75.60 398.72 285.84 43.44 0.10
0.00 14074.99
119.60 -49.86 -50.67 -101.69 409.36 277.95 44.95 0.00
0.00 14785.44
106.00 -51.16 -51.95 -102.25 421.24 275.11 50.16 0.00
0.00 15572.16
92.30 -51.86 -52.69 -102.89 436.83 277.74 49.04 0.00
0.00 16470.07
79.60 -52.46 -53.35 -103.56 454.45 278.17 38.29 0.00
0.00 17427.67
69.40 -53.26 -54.18 -104.19 470.87 255.47 27.11 0.00
0.00 18311.94
61.10 -56.46 -57.19 -104.76 481.20 249.02 30.40 0.00
0.00 19125.86
53.40 -57.96 -58.66 -105.36 496.60 262.92 28.40 0.00
0.00 19977.32
46.20 -56.36 -57.28 -82.27 521.48 259.22 24.93 0.00
0.00 20893.04
39.50 -55.46 -56.63 -83.21 547.59 247.53 27.98 0.00
0.00 21889.40
33.30 -55.66 -56.99 -84.22 574.41 239.64 38.07 0.00
0.00 22976.95
27.50 -55.56 -57.15 -85.34 606.93 249.32 42.38 0.00
0.00 24195.61
22.00 -53.66 -55.96 -86.63 652.49 247.19 45.13 0.00
0.00 25623.12
17.00 -51.16 -54.66 -88.09 710.32 246.23 46.30 0.00
0.00 27289.14
12.30 -45.36 -52.00 -111.58 799.27 253.47 44.40 0.00
0.00 29419.54

STID = KBTL STNM = 725396 TIME = 140216/0900
SLAT = 42.30 SLON = -85.25 SELV = 274.00
STIM = 10

SHOW = 14.09 LIFT = 19.05 SWET = 212.78 KINX = 6.13
LCLP = 948.13 PWAT = 7.01 TOTL = 36.90 CAPE = 0.00
LCLT = 260.09 CINS = 0.00 EQLV = -9999.00 LFCT = -9999.00
BRCH = 0.00

PRES TMPC TMWC DWPC THTE DRCT SKNT OMEG
CFRL HGHT
979.20 -10.66 -11.14 -12.67 268.20 174.29 3.91 0.00
0.00 277.93
976.30 -10.66 -11.15 -12.70 268.43 176.82 7.01 0.00
0.00 300.74
970.90 -9.56 -10.25 -12.36 270.12 182.91 11.48 0.00
0.00 343.48
961.70 -9.36 -10.12 -12.40 271.09 194.28 11.03 0.00
0.00 417.04
948.10 -9.86 -10.52 -12.49 271.71 202.71 9.06 0.10
0.00 527.02
930.60 -9.96 -10.45 -11.87 273.35 217.97 10.11 0.10
0.00 670.72
909.80 -9.96 -10.35 -11.42 275.39 229.13 13.37 0.00
0.00 845.05
886.90 -10.36 -10.69 -11.60 277.04 234.95 15.91 0.00
0.00 1041.51
862.20 -10.86 -11.13 -11.88 278.79 237.86 17.91 -0.10
0.00 1258.82
834.50 -11.46 -11.68 -12.29 280.76 235.52 19.57 -0.10
0.00 1509.52
803.90 -12.06 -12.19 -12.54 283.21 228.86 22.45 -0.10
0.00 1795.68
770.40 -12.66 -12.71 -12.87 286.11 226.27 24.75 0.00
0.00 2120.98
733.90 -14.46 -14.49 -14.57 287.65 226.41 22.27 0.00
100.00 2490.21
694.60 -15.06 -15.27 -15.90 291.28 245.68 28.80 -0.10
0.00 2906.90
652.40 -17.06 -17.26 -17.90 293.79 260.70 34.86 -0.20
0.00 3379.04
607.20 -19.56 -20.42 -24.00 295.36 268.87 39.47 -0.40
0.00 3915.03
559.70 -24.36 -24.75 -26.75 296.15 276.77 42.87 -0.60
0.00 4514.29
513.60 -28.86 -29.72 -37.42 296.52 288.13 46.84 -0.60
0.00 5134.83
472.20 -32.56 -33.72 -61.73 298.14 300.35 50.01 -0.50
0.00 5731.32
435.10 -36.66 -37.54 -67.49 299.94 313.67 59.39 -0.40
0.00 6302.70
401.70 -40.96 -41.56 -62.96 301.32 316.94 69.18 -0.40
0.00 6850.59
371.50 -45.06 -45.48 -63.55 302.68 317.65 68.38 -0.30
0.00 7377.13
344.40 -48.16 -48.50 -69.15 305.05 316.01 62.69 -0.20
0.00 7879.43
320.00 -50.86 -51.13 -69.67 307.77 311.51 58.66 -0.10
0.00 8360.49
298.00 -52.96 -53.18 -70.17 311.13 311.20 62.26 -0.10
0.00 8821.78
278.20 -53.46 -53.66 -65.69 316.61 314.28 65.71 0.00
0.00 9264.44
260.40 -51.86 -52.13 -66.18 325.00 315.61 64.47 0.00
0.00 9691.21
243.90 -49.86 -50.23 -66.65 334.12 313.33 61.19 0.00
0.00 10117.17
228.90 -48.36 -48.81 -64.13 342.56 308.98 59.02 0.00
0.00 10533.45
215.30 -48.06 -48.56 -64.59 349.06 304.74 58.67 0.00
0.00 10936.78
201.60 -48.36 -48.87 -65.08 355.20 301.81 59.01 0.00
0.00 11369.71
187.90 -48.86 -49.38 -65.60 361.60 299.63 58.59 0.10
0.00 11832.29
174.30 -49.26 -49.80 -66.15 368.78 298.14 56.87 0.10
0.00 12325.14
160.60 -49.06 -49.68 -69.64 377.78 295.62 52.60 0.00
0.00 12861.90
146.90 -48.56 -49.30 -74.97 388.33 288.87 48.07 0.00
0.00 13447.45
133.30 -49.46 -50.20 -75.60 397.65 282.82 49.04 -0.10
0.00 14084.87
119.60 -51.36 -52.05 -101.69 406.61 282.46 49.57 -0.10
0.00 14791.99
105.90 -52.96 -53.61 -102.25 417.94 280.82 48.68 0.00
0.00 15578.99
92.30 -52.86 -53.60 -102.89 434.86 284.69 45.21 0.00
0.00 16465.14
79.60 -52.36 -53.23 -78.91 454.72 282.05 32.60 0.00
0.00 17420.79
69.40 -53.46 -54.36 -104.19 470.44 250.75 25.94 0.00
0.00 18304.86
61.10 -56.76 -57.46 -104.76 480.53 247.75 32.34 0.00
0.00 19117.85
53.40 -57.96 -58.66 -105.36 496.60 260.84 30.52 0.00
0.00 19968.72
46.20 -56.66 -57.55 -82.27 520.76 261.09 30.10 0.00
0.00 20883.80
39.50 -55.36 -56.55 -83.21 547.84 252.18 34.30 0.00
0.00 21879.70
33.30 -55.46 -56.85 -107.42 574.85 249.70 41.45 0.00
0.00 22968.00
27.50 -55.66 -57.25 -108.24 606.56 255.28 43.61 0.00
0.00 24186.93
22.00 -53.96 -56.20 -86.63 651.60 252.65 42.36 0.00
0.00 25613.14
17.00 -50.76 -54.38 -88.09 711.60 244.80 43.82 0.00
0.00 27279.53
12.30 -45.16 -51.89 -111.58 799.98 232.72 43.97 0.00
0.00 29412.77

STID = KBTL STNM = 725396 TIME = 140216/1000
SLAT = 42.30 SLON = -85.25 SELV = 274.00
STIM = 11

SHOW = 15.41 LIFT = 19.78 SWET = 83.16 KINX = 5.04
LCLP = 952.26 PWAT = 6.90 TOTL = 34.51 CAPE = 0.00
LCLT = 260.80 CINS = 0.00 EQLV = -9999.00 LFCT = -9999.00
BRCH = 0.00

PRES TMPC TMWC DWPC THTE DRCT SKNT OMEG
CFRL HGHT
979.40 -10.26 -10.69 -12.01 268.81 182.86 3.89 0.00
0.00 277.93
976.50 -10.36 -10.75 -11.97 268.96 184.64 7.22 0.00
0.00 300.77
971.20 -9.86 -10.25 -11.42 270.10 185.91 11.33 0.00
0.00 342.71
961.90 -9.56 -9.94 -11.02 271.34 194.25 12.63 0.00
0.00 416.99
948.30 -9.76 -10.11 -11.12 272.27 200.56 11.63 0.00
0.00 526.93
930.80 -9.86 -10.14 -10.93 273.78 221.86 12.53 -0.10
0.00 670.67
909.90 -10.26 -10.49 -11.14 275.17 238.34 13.70 -0.20
0.00 845.76
887.10 -10.86 -11.05 -11.60 276.49 247.62 14.29 -0.20
0.00 1041.03
862.30 -11.46 -11.64 -12.16 278.03 250.08 14.27 -0.20
0.00 1258.72
834.60 -11.86 -12.04 -12.57 280.21 239.04 14.73 -0.20
0.00 1508.91
804.00 -11.56 -11.81 -12.47 283.77 224.60 19.66 -0.10
0.00 1795.09
770.50 -11.46 -11.81 -12.73 287.48 228.37 23.41 -0.10
0.00 2121.41
734.10 -12.16 -12.41 -13.07 290.82 260.36 30.17 -0.10
0.00 2492.06
694.70 -15.46 -15.49 -15.60 290.93 273.50 35.05 -0.20
100.00 2911.30
652.50 -16.66 -16.88 -17.57 294.35 273.34 43.42 -0.30
0.00 3383.37
607.30 -20.26 -20.69 -22.39 294.95 277.91 42.39 -0.30
0.00 3919.00
559.80 -23.96 -25.62 -40.53 294.79 290.59 44.23 -0.40
0.00 4517.72
513.70 -27.86 -29.52 -94.54 296.66 298.30 51.66 -0.40
0.00 5139.73
472.30 -32.16 -33.37 -61.72 298.62 306.10 60.38 -0.40
0.00 5737.77
435.20 -36.36 -37.22 -59.20 300.38 309.23 67.00 -0.50
0.00 6309.86
401.80 -40.76 -41.35 -59.83 301.60 309.08 66.61 -0.40
0.00 6858.22
371.60 -44.86 -45.26 -60.44 302.96 308.69 64.99 -0.30
0.00 7385.08
344.50 -48.16 -48.47 -64.11 305.06 308.44 63.78 -0.20
0.00 7887.46
320.00 -50.96 -51.20 -64.66 307.68 307.36 63.10 -0.20
0.00 8370.32
298.00 -53.16 -53.35 -65.19 310.89 307.98 64.12 -0.10
0.00 8831.30
278.30 -53.96 -54.15 -65.69 315.86 310.36 64.54 0.00
0.00 9270.94
260.50 -52.56 -52.80 -66.18 323.93 311.59 64.71 0.00
0.00 9696.40
243.90 -50.36 -50.68 -63.66 333.41 310.51 64.94 0.00
0.00 10123.70
229.00 -48.56 -49.00 -64.13 342.21 308.36 64.21 0.00
0.00 10536.47
215.30 -47.96 -48.46 -64.59 349.22 305.50 61.60 0.00
0.00 10942.59
201.70 -47.86 -48.43 -68.02 355.89 301.71 59.18 0.00
0.00 11372.82
188.00 -48.46 -49.03 -68.53 362.14 298.11 58.18 0.00
0.00 11836.09
174.30 -49.36 -49.91 -69.06 368.57 296.05 58.42 0.00
0.00 12332.76
160.60 -50.26 -50.80 -69.64 375.76 295.53 57.73 0.10
0.00 12867.96
147.00 -50.46 -51.06 -74.96 384.97 293.98 54.04 0.10
0.00 13445.03
133.30 -50.36 -51.03 -75.60 396.05 291.05 49.78 0.00
0.00 14082.90
119.60 -51.06 -51.75 -76.31 407.22 289.52 45.37 0.00
0.00 14789.07
106.00 -52.06 -52.77 -102.25 419.53 284.76 45.03 0.00
0.00 15572.09
92.30 -52.26 -53.05 -102.89 436.04 287.90 46.16 0.00
0.00 16467.36
79.60 -52.26 -53.17 -103.56 454.86 286.98 33.94 0.00
0.00 17424.53
69.40 -54.06 -54.91 -104.19 469.16 256.78 26.36 0.00
0.00 18307.59
61.10 -56.66 -57.37 -104.76 480.75 254.49 31.27 0.00
0.00 19119.64
53.40 -57.36 -58.10 -105.36 497.98 260.04 29.21 0.00
0.00 19971.90
46.20 -55.86 -56.84 -82.27 522.68 253.67 31.80 0.00
0.00 20889.95
39.50 -55.46 -56.63 -83.21 547.59 247.04 37.37 0.00
0.00 21887.45
33.30 -55.86 -57.17 -84.22 573.88 253.86 39.86 0.00
0.00 22974.50
27.50 -54.96 -56.67 -108.24 608.51 257.38 38.25 0.00
0.00 24194.28
22.00 -53.36 -55.73 -86.63 653.38 250.35 37.57 0.00
0.00 25624.73
17.00 -49.96 -53.82 -88.09 714.16 241.02 41.33 0.00
0.00 27296.40
12.30 -44.16 -51.34 -111.58 803.48 223.24 49.37 0.00
0.00 29438.17

STID = KBTL STNM = 725396 TIME = 140216/1100
SLAT = 42.30 SLON = -85.25 SELV = 274.00
STIM = 12

SHOW = 16.33 LIFT = 20.66 SWET = 88.50 KINX = 3.90
LCLP = 956.07 PWAT = 6.05 TOTL = 32.54 CAPE = 0.00
LCLT = 261.32 CINS = 0.00 EQLV = -9999.00 LFCT = -9999.00
BRCH = 0.00

PRES TMPC TMWC DWPC THTE DRCT SKNT OMEG
CFRL HGHT
979.10 -10.06 -10.43 -11.54 269.19 176.42 3.12 0.00
0.00 278.72
976.20 -10.16 -10.49 -11.50 269.34 180.00 6.03 0.00
0.00 301.58
970.80 -9.96 -10.27 -11.20 270.11 183.43 9.74 0.00
0.00 344.35
961.60 -9.36 -9.68 -10.59 271.73 194.04 12.82 -0.10
0.00 417.87
948.00 -9.56 -9.84 -10.63 272.69 202.14 12.38 -0.10
0.00 527.93
930.50 -10.06 -10.30 -11.00 273.57 228.99 11.85 -0.20
0.00 671.72
909.60 -10.76 -10.97 -11.57 274.51 254.05 11.32 -0.20
0.00 846.63
886.80 -11.46 -11.68 -12.32 275.62 268.90 10.11 -0.20
0.00 1041.55
862.00 -11.76 -12.05 -12.89 277.47 264.92 8.78 -0.20
0.00 1258.92
834.30 -11.66 -11.93 -12.71 280.40 234.87 12.83 -0.20
0.00 1509.14
803.70 -10.86 -11.07 -11.62 284.93 227.98 23.81 -0.40
0.00 1795.93
770.20 -11.16 -11.26 -11.53 288.37 243.43 30.43 -0.60
0.00 2123.03
733.80 -12.36 -12.38 -12.44 290.92 267.05 30.17 -0.50
0.00 2493.93
694.40 -15.46 -15.49 -15.60 290.97 283.17 34.14 -0.30
100.00 2913.20
652.20 -16.36 -18.29 -27.27 292.18 289.88 36.59 0.00
0.00 3385.63
607.10 -18.76 -21.61 -93.67 293.34 298.82 46.37 0.00
0.00 3921.86
559.60 -22.96 -25.17 -60.41 295.37 302.08 59.65 -0.10
0.00 4523.55
513.60 -27.16 -28.85 -57.89 297.64 301.50 67.71 -0.20
0.00 5146.49
472.20 -31.46 -32.74 -61.73 299.50 302.84 69.18 -0.30
0.00 5746.38
435.10 -35.96 -36.85 -59.20 300.91 303.60 66.04 -0.20
0.00 6319.92
401.70 -40.56 -41.16 -59.83 301.88 299.79 61.82 -0.10
0.00 6869.10
371.50 -44.86 -45.26 -60.44 302.98 293.94 64.66 0.00
0.00 7396.33
344.40 -48.46 -48.76 -64.11 304.68 292.15 65.48 0.00
0.00 7898.52
320.00 -51.16 -51.39 -64.66 307.40 296.64 64.15 0.00
0.00 8378.94
298.00 -52.76 -52.96 -65.19 311.45 303.94 63.02 0.10
0.00 8840.13
278.20 -52.96 -53.17 -65.69 317.33 307.28 64.50 0.10
0.00 9283.49
260.40 -52.16 -52.39 -63.16 324.60 307.68 65.82 0.00
0.00 9710.46
243.90 -50.76 -51.07 -63.66 332.81 306.94 65.66 0.00
0.00 10135.27
228.90 -49.16 -49.59 -67.11 341.29 305.23 64.02 0.00
0.00 10549.97
215.30 -48.26 -48.77 -67.56 348.71 302.21 62.72 0.00
0.00 10952.41
201.60 -48.06 -48.62 -68.03 355.63 299.04 62.47 0.00
0.00 11385.43
187.90 -48.76 -49.31 -68.53 361.71 297.44 62.42 0.00
0.00 11848.41
174.30 -49.86 -50.38 -69.06 367.74 297.15 60.07 0.00
0.00 12340.72
160.60 -50.76 -51.30 -74.38 374.87 296.48 55.37 0.00
0.00 12874.71
146.90 -51.16 -51.72 -74.97 383.84 294.18 52.20 0.00
0.00 13454.65
133.30 -51.06 -51.68 -75.60 394.81 291.16 51.69 0.00
0.00 14086.10
119.60 -51.16 -51.84 -76.31 407.04 291.98 46.74 0.00
0.00 14791.00
105.90 -51.96 -52.68 -102.25 419.84 288.78 41.06 0.00
0.00 15580.14
92.30 -52.26 -53.05 -102.89 436.04 290.12 41.82 0.00
0.00 16469.50
79.60 -51.96 -52.89 -103.56 455.48 288.96 33.50 0.00
0.00 17427.32
69.40 -53.96 -54.81 -104.19 469.37 259.62 28.06 0.00
0.00 18311.19
61.10 -56.66 -57.37 -104.76 480.75 261.87 32.99 0.00
0.00 19123.43
53.40 -57.46 -58.20 -105.36 497.75 264.25 31.06 0.00
0.00 19975.49
46.20 -56.36 -57.28 -82.27 521.48 254.74 33.24 0.00
0.00 20892.26
39.50 -56.66 -57.69 -83.21 544.57 247.87 38.19 0.00
0.00 21885.87
33.30 -56.66 -57.86 -84.22 571.77 253.64 40.72 0.00
0.00 22967.92
27.50 -55.66 -57.25 -108.24 606.56 253.47 36.90 0.00
0.00 24183.50
22.00 -53.76 -56.04 -86.63 652.19 245.06 36.87 0.00
0.00 25610.36
17.00 -49.76 -53.70 -110.25 714.68 238.28 45.47 0.00
0.00 27281.27
12.30 -44.66 -51.61 -111.58 801.73 233.21 56.80 0.00
0.00 29421.61

STID = KBTL STNM = 725396 TIME = 140216/1200
SLAT = 42.30 SLON = -85.25 SELV = 274.00
STIM = 13

SHOW = 17.10 LIFT = 21.24 SWET = 91.93 KINX = -3.69
LCLP = 956.32 PWAT = 5.27 TOTL = 31.24 CAPE = 0.00
LCLT = 261.40 CINS = 0.00 EQLV = -9999.00 LFCT = -9999.00
BRCH = 0.00

PRES TMPC TMWC DWPC THTE DRCT SKNT OMEG
CFRL HGHT
978.30 -10.06 -10.41 -11.48 269.28 212.01 1.83 0.00
0.00 279.51
975.40 -10.06 -10.39 -11.36 269.56 203.20 4.44 0.00
0.00 302.40
970.10 -9.96 -10.26 -11.13 270.19 200.22 7.87 0.00
0.00 344.41
960.90 -9.46 -9.70 -10.39 271.76 208.97 12.44 -0.10
0.00 417.97
947.30 -9.56 -9.77 -10.36 272.85 218.93 12.99 -0.20
0.00 528.10
929.80 -10.36 -10.53 -11.01 273.32 239.81 12.37 -0.30
0.00 671.91
908.90 -11.36 -11.50 -11.94 273.81 266.88 10.71 -0.30
0.00 846.65
886.10 -11.96 -12.14 -12.71 275.02 291.80 8.37 -0.30
0.00 1041.31
861.40 -12.16 -12.40 -13.13 277.01 282.53 7.17 -0.30
0.00 1257.59
833.70 -12.16 -12.28 -12.65 279.95 249.08 14.15 -0.50
0.00 1507.56
803.10 -12.06 -12.08 -12.15 283.46 248.68 25.66 -0.70
0.00 1793.61
769.60 -11.96 -11.99 -12.10 287.30 263.93 27.56 -0.70
100.00 2119.70
733.20 -14.26 -14.30 -14.44 288.01 285.59 26.03 -0.40
100.00 2488.93
693.90 -14.46 -16.18 -22.88 289.94 296.57 31.73 -0.20
0.00 2906.60
651.80 -16.46 -19.55 -55.96 290.17 302.77 40.22 -0.10
0.00 3378.86
606.70 -19.26 -21.99 -65.07 292.86 306.48 57.54 -0.10
0.00 3914.71
559.30 -22.56 -24.84 -60.42 295.88 303.86 71.16 -0.10
0.00 4515.36
513.30 -26.76 -28.53 -61.08 298.14 303.40 73.81 -0.10
0.00 5139.66
471.80 -31.26 -32.57 -61.73 299.82 304.30 70.36 -0.10
0.00 5742.17
434.80 -35.96 -36.88 -62.36 300.93 304.70 64.54 -0.10
0.00 6314.83
401.50 -40.66 -41.26 -59.84 301.79 302.53 58.56 -0.10
0.00 6862.58
371.30 -44.96 -45.36 -60.45 302.89 299.50 56.06 -0.10
0.00 7389.85
344.20 -48.26 -48.54 -61.03 305.04 301.42 58.54 0.00
0.00 7892.44
319.80 -50.56 -50.81 -64.67 308.28 306.39 60.61 0.00
0.00 8374.01
297.80 -51.46 -51.70 -65.19 313.35 308.77 64.57 0.10
0.00 8837.48
278.00 -51.26 -51.53 -65.70 319.85 308.66 69.70 0.20
0.00 9284.17
260.20 -50.66 -50.97 -66.18 326.83 307.83 71.62 0.20
0.00 9714.56
243.70 -50.06 -50.42 -66.66 333.90 306.45 69.36 0.10
0.00 10141.81
228.80 -49.06 -49.49 -67.12 341.49 303.97 66.10 0.10
0.00 10554.75
215.10 -48.46 -48.96 -67.56 348.49 300.99 65.31 0.10
0.00 10960.33
201.50 -48.46 -48.99 -68.03 355.05 299.53 65.46 0.00
0.00 11389.92
187.80 -48.76 -49.31 -68.53 361.77 299.16 63.44 0.00
0.00 11852.73
174.20 -49.46 -50.01 -69.07 368.46 297.41 59.12 0.00
0.00 12345.75
160.50 -50.36 -50.92 -74.38 375.61 294.17 54.12 0.00
0.00 12881.02
146.80 -51.36 -51.91 -74.97 383.57 290.84 51.37 0.00
0.00 13461.60
133.20 -51.96 -52.52 -75.61 393.29 288.92 50.96 0.00
0.00 14091.94
119.50 -51.66 -52.30 -76.32 406.22 289.78 47.10 0.00
0.00 14795.16
105.90 -51.56 -52.31 -102.25 420.60 288.18 41.74 0.00
0.00 15578.70
92.20 -52.46 -53.24 -102.89 435.78 287.06 41.07 0.00
0.00 16475.49
79.50 -53.36 -54.17 -103.57 452.76 288.03 35.16 0.00
0.00 17430.96
69.30 -54.66 -55.43 -79.78 468.14 264.50 26.36 0.00
0.00 18311.80
61.10 -57.16 -57.83 -104.76 479.64 261.36 31.06 0.00
0.00 19112.63
53.40 -57.96 -58.66 -105.36 496.60 265.24 32.77 0.00
0.00 19962.72
46.10 -56.86 -57.73 -82.28 520.60 255.65 34.51 0.00
0.00 20891.06
39.50 -56.76 -57.78 -83.21 544.32 252.50 37.50 0.00
0.00 21869.57
33.30 -55.86 -57.19 -107.42 573.79 253.16 37.57 0.00
0.00 22953.37
27.40 -54.36 -56.18 -108.26 610.82 247.46 33.46 0.00
0.00 24198.07
22.00 -52.26 -54.90 -109.18 656.55 237.74 36.78 0.00
0.00 25610.63
17.00 -48.76 -53.03 -110.25 717.88 237.88 49.35 0.00
0.00 27290.97
12.30 -44.86 -51.72 -111.58 801.03 242.42 58.77 0.00
0.00 29435.10

STID = KBTL STNM = 725396 TIME = 140216/1300
SLAT = 42.30 SLON = -85.25 SELV = 274.00
STIM = 14

SHOW = 17.95 LIFT = 21.89 SWET = 90.14 KINX = -9.00
LCLP = 958.77 PWAT = 4.96 TOTL = 29.78 CAPE = 0.00
LCLT = 261.58 CINS = 0.00 EQLV = -9999.00 LFCT = -9999.00
BRCH = 0.00

PRES TMPC TMWC DWPC THTE DRCT SKNT OMEG
CFRL HGHT
979.70 -9.96 -10.30 -11.31 269.33 257.47 1.79 0.00
0.00 279.51
976.80 -9.86 -10.20 -11.19 269.71 255.96 5.61 0.00
0.00 302.37
971.50 -9.86 -10.16 -11.04 270.21 245.22 8.35 -0.10
0.00 344.35
962.20 -9.56 -9.79 -10.44 271.53 243.06 13.30 -0.10
0.00 418.61
948.60 -9.76 -9.95 -10.48 272.48 252.47 15.49 -0.20
0.00 528.52
931.10 -10.76 -10.87 -11.21 272.71 266.47 15.77 -0.30
0.00 671.97
910.20 -11.86 -11.96 -12.30 273.04 284.04 12.82 -0.30
0.00 846.16
887.40 -12.56 -12.70 -13.15 274.11 304.78 8.52 -0.30
0.00 1040.12
862.60 -12.66 -12.88 -13.58 276.21 299.98 5.83 -0.20
0.00 1256.50
834.90 -12.86 -12.91 -13.07 278.91 263.57 13.89 -0.30
0.00 1505.53
804.30 -12.16 -12.18 -12.27 283.17 271.88 23.73 -0.30
100.00 1790.72
770.70 -12.96 -12.98 -13.06 285.66 284.38 23.48 -0.20
100.00 2116.60
734.30 -14.16 -14.45 -15.30 287.66 298.46 28.96 -0.10
100.00 2484.63
694.90 -15.26 -17.48 -28.66 287.83 299.50 33.95 0.00
0.00 2902.11
652.70 -17.06 -20.08 -93.30 289.26 304.40 43.35 0.00
0.00 3373.49
607.60 -19.06 -21.83 -65.05 292.97 307.83 64.97 0.00
0.00 3908.15
560.10 -21.76 -24.18 -60.41 296.71 305.86 75.31 -0.10
0.00 4510.39
514.00 -26.26 -28.06 -55.55 298.70 305.73 74.23 0.00
0.00 5136.81
472.50 -31.36 -32.59 -54.40 299.69 304.70 67.62 0.00
0.00 5738.96
435.40 -36.36 -37.20 -56.90 300.38 301.18 60.44 0.00
0.00 6311.76
402.00 -40.66 -41.26 -59.83 301.68 298.14 56.87 0.00
0.00 6859.97
371.80 -44.36 -44.79 -60.44 303.57 299.53 57.19 0.00
0.00 7387.24
344.70 -47.26 -47.61 -64.11 306.23 303.80 58.71 0.00
0.00 7890.90
320.20 -49.36 -49.65 -64.66 309.84 306.44 61.85 0.00
0.00 8376.16
298.20 -50.26 -50.54 -65.18 314.92 307.79 67.89 0.00
0.00 8841.54
278.40 -50.56 -50.85 -65.69 320.73 308.68 72.46 0.00
0.00 9289.52
260.60 -50.46 -50.78 -66.17 326.98 308.83 72.86 0.00
0.00 9720.13
244.10 -49.96 -50.32 -66.65 333.89 307.97 70.77 0.00
0.00 10147.00
229.10 -49.36 -49.78 -67.11 340.90 305.99 68.47 0.00
0.00 10561.90
215.40 -49.16 -49.62 -67.55 347.26 304.15 67.18 0.00
0.00 10966.03
201.80 -49.06 -49.55 -68.02 353.95 303.50 66.20 0.00
0.00 11393.76
188.10 -49.06 -49.59 -68.52 361.12 302.71 63.30 0.00
0.00 11854.94
174.40 -49.26 -49.82 -69.06 368.67 300.35 59.24 0.00
0.00 12350.79
160.70 -50.06 -50.64 -74.37 375.98 296.47 54.50 -0.10
0.00 12886.02
147.00 -51.06 -51.62 -74.96 383.94 290.82 50.32 -0.10
0.00 13466.63
133.40 -52.16 -52.71 -75.60 392.77 287.20 48.63 0.00
0.00 14096.20
119.70 -52.36 -52.95 -76.31 404.74 287.26 47.83 0.00
0.00 14796.89
106.00 -52.16 -52.87 -102.25 419.34 287.32 44.39 0.00
0.00 15582.84
92.30 -53.06 -53.79 -102.89 434.46 288.61 40.82 0.00
0.00 16476.29
79.60 -54.36 -55.08 -103.56 450.53 289.26 34.18 0.00
0.00 17427.18
69.40 -55.26 -55.98 -79.77 466.66 267.88 26.26 0.00
0.00 18303.62
61.10 -57.66 -58.30 -104.76 478.53 256.42 29.80 0.00
0.00 19111.57
53.40 -58.66 -59.30 -105.36 494.98 261.40 33.81 0.00
0.00 19959.29
46.20 -57.66 -58.46 -82.27 518.35 256.59 34.37 0.00
0.00 20870.77
39.50 -57.16 -58.13 -83.21 543.31 250.87 35.59 0.00
0.00 21860.25
33.30 -55.36 -56.76 -107.42 575.11 245.97 35.33 0.00
0.00 22944.30
27.50 -54.36 -56.16 -85.34 610.28 236.49 34.50 0.00
0.00 24167.15
22.00 -52.76 -55.27 -86.63 655.17 235.08 40.07 0.00
0.00 25601.53
17.00 -48.46 -52.83 -110.25 718.84 242.77 52.25 0.00
0.00 27281.12
12.30 -44.36 -51.44 -111.58 802.78 251.34 61.35 0.00
0.00 29429.04

STID = KBTL STNM = 725396 TIME = 140216/1400
SLAT = 42.30 SLON = -85.25 SELV = 274.00
STIM = 15

SHOW = 17.05 LIFT = 21.95 SWET = 96.70 KINX = -16.68
LCLP = 953.31 PWAT = 4.57 TOTL = 31.29 CAPE = 0.00
LCLT = 261.96 CINS = 0.00 EQLV = -9999.00 LFCT = -9999.00
BRCH = 0.00

PRES TMPC TMWC DWPC THTE DRCT SKNT OMEG
CFRL HGHT
980.90 -9.06 -9.52 -10.84 270.31 278.13 4.12 0.00
0.00 279.52
977.90 -9.36 -9.75 -10.88 270.24 278.62 6.49 0.00
0.00 303.21
972.60 -9.76 -10.06 -10.95 270.25 277.94 8.44 -0.10
0.00 345.19
963.30 -9.96 -10.21 -10.92 270.84 281.80 13.30 -0.10
0.00 419.32
949.70 -10.56 -10.77 -11.40 271.22 288.85 16.84 -0.10
0.00 528.85
932.20 -11.36 -11.61 -12.39 271.57 300.61 16.03 0.00
0.00 671.74
911.30 -11.96 -12.24 -13.14 272.55 311.38 10.88 0.00
0.00 845.47
888.40 -12.26 -12.59 -13.62 274.17 318.99 5.92 0.10
0.00 1040.12
863.60 -12.16 -12.51 -13.56 276.65 282.34 6.37 0.00
0.00 1256.58
835.90 -12.26 -12.37 -12.69 279.60 282.36 20.89 -0.10
0.00 1505.85
805.20 -12.16 -12.20 -12.32 283.05 292.05 25.38 -0.20
100.00 1791.97
771.60 -13.76 -13.79 -13.89 284.35 296.92 27.90 -0.10
100.00 2116.97
735.10 -13.96 -15.08 -18.94 286.59 301.70 31.07 0.00
0.00 2485.10
695.80 -15.56 -18.40 -40.00 286.28 298.34 36.44 0.00
0.00 2900.85
653.50 -16.86 -19.90 -64.51 289.43 306.83 51.24 0.00
0.00 3372.61
608.30 -18.06 -21.01 -59.76 294.06 308.26 69.06 0.10
0.00 3909.08
560.70 -21.46 -23.89 -54.83 297.05 306.84 75.54 0.10
0.00 4513.47
514.60 -26.46 -28.18 -52.15 298.44 305.20 71.83 0.10
0.00 5139.33
473.10 -31.86 -33.01 -52.86 298.99 302.61 66.00 0.10
0.00 5739.89
435.90 -36.46 -37.26 -55.07 300.19 300.47 62.47 0.00
0.00 6312.83
402.50 -40.26 -40.88 -59.82 302.10 301.03 61.47 0.00
0.00 6860.73
372.30 -43.46 -43.93 -60.43 304.65 303.79 62.21 0.00
0.00 7388.81
345.10 -45.96 -46.37 -64.10 307.89 305.85 65.71 0.00
0.00 7896.13
320.60 -47.86 -48.21 -64.65 311.80 307.96 71.74 0.00
0.00 8383.83
298.50 -49.26 -49.58 -65.18 316.25 309.49 75.81 0.00
0.00 8853.41
278.70 -50.36 -50.66 -65.68 320.92 309.92 76.03 0.00
0.00 9302.12
260.90 -50.76 -51.07 -66.16 326.43 310.11 74.22 0.00
0.00 9732.16
244.30 -50.56 -50.90 -66.64 332.91 309.73 71.78 0.00
0.00 10160.33
229.40 -49.76 -50.16 -67.10 340.17 308.01 70.07 0.00
0.00 10571.11
215.70 -49.46 -49.90 -67.54 346.66 306.17 69.83 0.00
0.00 10974.06
202.00 -49.66 -50.12 -68.01 352.90 305.39 69.14 0.00
0.00 11403.56
188.30 -49.76 -50.25 -68.51 359.88 305.19 66.12 0.00
0.00 11862.93
174.60 -49.76 -50.29 -69.05 367.73 303.39 60.76 0.00
0.00 12356.90
160.90 -50.16 -50.73 -74.36 375.68 299.21 54.56 0.00
0.00 12890.78
147.20 -51.26 -51.81 -74.95 383.44 292.50 50.28 0.00
0.00 13470.24
133.50 -52.26 -52.80 -75.59 392.51 289.15 49.18 0.00
0.00 14103.34
119.80 -53.06 -53.61 -76.30 403.36 286.97 47.96 0.00
0.00 14802.21
106.10 -53.56 -54.14 -77.09 416.64 289.11 46.90 0.00
0.00 15583.73
92.40 -53.36 -54.06 -102.88 433.74 293.45 41.53 0.00
0.00 16472.84
79.70 -53.96 -54.71 -103.56 451.20 294.44 30.53 0.00
0.00 17422.83
69.50 -55.16 -55.91 -104.18 466.61 265.24 25.75 0.00
0.00 18299.09
61.20 -56.96 -57.65 -104.75 479.86 257.16 31.50 0.00
0.00 19107.30
53.50 -57.86 -58.56 -105.35 496.56 263.12 34.07 0.00
0.00 19956.49
46.20 -56.66 -57.55 -82.27 520.76 260.71 32.50 0.00
0.00 20883.60
39.50 -55.56 -56.74 -106.68 547.26 248.83 36.06 0.00
0.00 21879.04
33.30 -54.46 -55.97 -84.22 577.58 245.02 37.74 0.00
0.00 22969.34
27.50 -54.16 -55.99 -85.34 610.84 233.19 37.63 0.00
0.00 24195.28
22.00 -53.46 -55.81 -86.63 653.09 237.80 43.41 0.00
0.00 25628.02
17.00 -48.76 -53.03 -110.25 717.88 244.76 52.43 0.00
0.00 27303.84
12.30 -44.36 -51.44 -111.58 802.78 249.94 60.63 0.00
0.00 29450.34

STID = KBTL STNM = 725396 TIME = 140216/1500
SLAT = 42.30 SLON = -85.25 SELV = 274.00
STIM = 16

SHOW = 16.79 LIFT = 21.47 SWET = 102.54 KINX = -28.48
LCLP = 953.05 PWAT = 4.15 TOTL = 32.02 CAPE = 0.00
LCLT = 262.81 CINS = 0.00 EQLV = -9999.00 LFCT = -9999.00
BRCH = 0.00

PRES TMPC TMWC DWPC THTE DRCT SKNT OMEG
CFRL HGHT
981.20 -8.16 -8.65 -9.98 271.53 315.00 6.32 0.00
0.00 280.33
978.30 -8.66 -9.13 -10.44 271.09 310.97 9.78 0.00
0.00 303.29
972.90 -9.16 -9.59 -10.80 270.90 310.91 11.57 0.00
0.00 346.15
963.70 -9.96 -10.26 -11.14 270.73 310.79 13.09 0.00
0.00 419.54
950.00 -11.06 -11.18 -11.54 270.62 311.11 14.19 0.00
0.00 529.73
932.50 -11.66 -11.97 -12.94 271.05 327.58 17.04 0.00
0.00 672.35
911.60 -11.96 -12.34 -13.55 272.39 332.10 11.22 0.10
0.00 845.92
888.70 -12.16 -12.55 -13.77 274.20 316.22 6.46 0.00
0.00 1040.54
863.90 -12.36 -12.65 -13.56 276.41 281.53 9.72 -0.10
0.00 1256.89
836.10 -12.76 -12.79 -12.90 278.96 299.88 21.07 -0.10
0.00 1506.64
805.50 -13.56 -13.60 -13.73 280.95 307.41 24.96 -0.10
100.00 1790.69
771.90 -13.76 -14.09 -15.09 283.87 308.16 27.69 0.00
0.00 2114.65
735.40 -14.36 -16.57 -27.44 284.29 296.57 33.47 0.00
0.00 2482.27
696.00 -14.96 -18.20 -55.43 286.45 302.03 41.04 0.00
0.00 2899.00
653.80 -15.96 -19.15 -55.94 290.48 310.39 56.40 0.10
0.00 3370.82
608.60 -17.66 -20.69 -59.76 294.48 310.26 71.58 0.10
0.00 3908.40
561.00 -21.56 -23.95 -52.97 296.92 307.42 77.09 0.10
0.00 4512.84
514.80 -27.06 -28.67 -50.83 297.71 304.70 73.76 0.10
0.00 5138.89
473.30 -32.36 -33.43 -51.55 298.38 303.20 69.22 0.00
0.00 5737.86
436.10 -36.66 -37.42 -53.55 299.94 303.51 66.90 0.00
0.00 6309.71
402.70 -39.86 -40.49 -57.53 302.61 304.84 67.03 0.00
0.00 6857.59
372.40 -42.56 -43.08 -60.42 305.82 307.28 70.60 0.00
0.00 7388.70
345.20 -44.66 -45.11 -61.01 309.67 310.25 76.41 -0.10
0.00 7898.32
320.70 -46.66 -47.06 -64.64 313.43 311.46 80.15 -0.10
0.00 8388.57
298.70 -48.76 -49.10 -65.17 316.89 311.30 80.99 -0.10
0.00 8857.56
278.80 -50.46 -50.76 -65.68 320.74 311.39 80.84 0.00
0.00 9308.72
261.00 -51.06 -51.36 -66.16 325.96 312.10 78.86 0.00
0.00 9738.21
244.40 -50.66 -50.99 -66.64 332.73 311.48 76.01 0.00
0.00 10165.82
229.50 -49.96 -50.35 -67.10 339.82 309.69 74.27 0.00
0.00 10576.15
215.80 -49.86 -50.28 -67.54 346.00 308.02 73.53 0.00
0.00 10978.38
202.10 -50.16 -50.59 -68.01 352.06 307.43 71.96 0.00
0.00 11406.81
188.40 -50.66 -51.10 -68.51 358.38 307.39 68.50 0.00
0.00 11864.51
174.70 -50.96 -51.42 -69.05 365.69 306.69 61.81 0.00
0.00 12355.88
161.00 -50.96 -51.46 -69.62 374.32 302.36 53.39 0.00
0.00 12887.05
147.30 -51.66 -52.16 -70.24 382.73 293.32 47.63 0.00
0.00 13464.58
133.60 -52.76 -53.27 -75.59 391.53 289.62 47.46 0.00
0.00 14095.95
119.90 -53.16 -53.70 -76.30 403.08 289.86 46.91 0.00
0.00 14793.31
106.20 -53.06 -53.70 -102.24 417.41 290.64 44.66 0.00
0.00 15574.85
92.50 -53.06 -53.79 -102.88 434.19 291.39 40.50 0.00
0.00 16464.68
79.70 -53.46 -54.26 -103.56 452.23 289.09 32.09 0.00
0.00 17423.37
69.50 -55.26 -55.98 -79.76 466.47 265.24 28.09 0.00
0.00 18300.43
61.20 -56.86 -57.56 -104.75 480.09 265.89 32.55 0.00
0.00 19108.64
53.50 -56.96 -57.74 -105.35 498.64 266.77 34.46 0.00
0.00 19959.79
46.20 -56.36 -57.28 -82.27 521.48 264.77 32.01 0.00
0.00 20889.48
39.50 -55.66 -56.83 -106.68 547.00 251.47 36.08 0.00
0.00 21885.38
33.30 -54.86 -56.31 -84.22 576.52 248.14 38.12 0.00
0.00 22974.43
27.50 -54.26 -56.07 -85.34 610.56 240.32 40.05 0.00
0.00 24198.97
22.10 -53.56 -55.88 -86.60 651.94 240.90 45.16 0.00
0.00 25601.95
17.00 -48.96 -53.16 -110.25 717.24 244.01 51.90 0.00
0.00 27306.10
12.30 -43.96 -51.23 -111.58 804.19 248.70 61.55 0.00
0.00 29453.55

STID = KBTL STNM = 725396 TIME = 140216/1600
SLAT = 42.30 SLON = -85.25 SELV = 274.00
STIM = 17

SHOW = 16.76 LIFT = 20.89 SWET = 109.84 KINX = -31.87
LCLP = 955.11 PWAT = 3.82 TOTL = 32.22 CAPE = 0.00
LCLT = 263.44 CINS = 0.00 EQLV = 931.75 LFCT = 935.14
BRCH = 0.00

PRES TMPC TMWC DWPC THTE DRCT SKNT OMEG
CFRL HGHT
981.50 -7.66 -8.14 -9.37 272.25 325.84 6.58 0.00
0.00 280.34
978.60 -8.16 -8.65 -9.95 271.76 323.13 9.72 0.00
0.00 303.34
973.20 -8.66 -9.08 -10.23 271.60 322.13 11.08 0.00
0.00 346.27
964.00 -9.46 -9.75 -10.56 271.43 322.21 12.05 0.00
0.00 419.78
950.30 -10.56 -10.64 -10.88 271.35 323.65 12.79 0.00
0.00 530.15
932.80 -11.76 -12.00 -12.77 270.97 336.18 16.36 -0.10
0.00 672.84
911.90 -12.06 -12.49 -13.88 272.15 343.56 12.36 -0.10
0.00 846.29
889.00 -12.36 -12.75 -14.02 273.88 318.01 7.85 -0.20
0.00 1040.72
864.10 -12.66 -12.90 -13.63 276.04 295.43 13.13 -0.20
0.00 1257.67
836.40 -13.26 -13.29 -13.42 278.21 314.64 22.13 -0.10
0.00 1506.06
805.70 -14.86 -14.88 -14.97 279.08 323.39 25.43 0.00
100.00 1789.95
772.10 -14.46 -15.32 -18.36 282.04 311.74 26.57 0.00
0.00 2112.53
735.60 -13.96 -17.06 -41.33 283.43 301.77 35.44 -0.10
0.00 2479.75
696.30 -15.06 -18.24 -51.13 286.38 309.67 42.93 -0.10
0.00 2895.47
654.00 -15.96 -19.11 -51.67 290.53 313.92 58.56 0.00
0.00 3368.15
608.80 -17.86 -20.84 -59.76 294.23 312.42 73.20 0.10
0.00 3905.35
561.10 -21.96 -24.28 -52.96 296.43 308.59 78.84 0.00
0.00 4510.19
515.00 -27.56 -29.10 -50.82 297.08 305.52 75.95 0.00
0.00 5133.57
473.40 -32.66 -33.70 -51.55 297.99 305.04 73.12 0.00
0.00 5732.82
436.20 -36.56 -37.33 -53.54 300.04 306.47 73.24 0.00
0.00 6304.31
402.80 -39.26 -39.93 -57.53 303.37 309.21 76.26 0.00
0.00 6852.87
372.50 -41.46 -42.05 -60.42 307.26 312.26 80.64 0.00
0.00 7385.79
345.30 -43.86 -44.37 -64.09 310.69 313.10 83.06 0.00
0.00 7897.38
320.80 -46.56 -46.97 -64.64 313.55 312.38 84.21 -0.10
0.00 8388.45
298.80 -48.96 -49.29 -65.17 316.58 312.37 86.82 -0.10
0.00 8857.18
278.90 -50.46 -50.76 -65.68 320.71 313.23 88.83 0.00
0.00 9307.98
261.10 -50.96 -51.26 -66.16 326.07 313.14 88.70 0.00
0.00 9737.41
244.50 -51.06 -51.40 -71.54 332.04 312.07 86.15 0.00
0.00 10164.57
229.50 -50.66 -51.04 -71.97 338.71 310.34 82.88 0.00
0.00 10576.54
215.80 -50.56 -50.97 -72.39 344.87 308.66 79.66 0.00
0.00 10977.51
202.10 -50.66 -51.07 -68.01 351.27 307.57 76.51 0.00
0.00 11404.79
188.40 -51.36 -51.76 -68.51 357.25 307.05 72.58 0.00
0.00 11861.25
174.70 -51.76 -52.18 -69.05 364.38 306.46 65.74 0.00
0.00 12350.97
161.00 -51.96 -52.40 -69.62 372.63 302.44 56.89 0.00
0.00 12879.99
147.30 -52.66 -53.08 -67.37 381.05 293.96 49.77 0.00
0.00 13454.91
133.60 -53.56 -54.00 -70.92 390.17 290.22 47.23 0.00
0.00 14083.71
119.90 -53.06 -53.61 -76.30 403.26 289.59 45.80 0.00
0.00 14779.97
106.20 -52.36 -53.05 -102.24 418.74 289.69 45.01 0.00
0.00 15562.93
92.50 -52.66 -53.42 -102.88 434.98 289.60 42.30 0.00
0.00 16454.98
79.80 -53.66 -54.44 -103.55 451.65 286.76 33.70 0.00
0.00 17406.03
69.50 -54.56 -55.34 -79.76 467.96 269.20 27.99 0.00
0.00 18292.13
61.20 -56.06 -56.82 -104.75 481.86 267.71 34.04 0.00
0.00 19103.13
53.50 -56.46 -57.28 -105.35 499.79 271.04 32.27 0.00
0.00 19956.85
46.30 -56.16 -57.10 -82.26 521.64 263.45 28.96 0.00
0.00 20874.32
39.60 -54.76 -56.02 -83.19 548.95 250.52 33.81 0.00
0.00 21870.41
33.30 -54.56 -56.06 -84.22 577.31 245.65 38.19 0.00
0.00 22978.63
27.50 -54.16 -55.99 -85.34 610.84 242.23 41.30 0.00
0.00 24204.29
22.10 -53.66 -55.95 -86.60 651.65 238.64 47.80 0.00
0.00 25607.27
17.00 -50.56 -54.25 -110.25 712.12 242.07 54.78 0.00
0.00 27304.89
12.30 -45.36 -52.00 -111.58 799.27 249.71 58.86 0.00
0.00 29438.13

STID = KBTL STNM = 725396 TIME = 140216/1700
SLAT = 42.30 SLON = -85.25 SELV = 274.00
STIM = 18

SHOW = 17.43 LIFT = 20.51 SWET = 117.76 KINX = -30.21
LCLP = 953.21 PWAT = 3.70 TOTL = 31.01 CAPE = 0.28
LCLT = 264.43 CINS = -0.84 EQLV = 910.75 LFCT = 938.08
BRCH = 0.00

PRES TMPC TMWC DWPC THTE DRCT SKNT OMEG
CFRL HGHT
982.10 -6.46 -7.01 -8.34 273.86 337.01 6.97 0.00
0.00 281.17
979.20 -7.16 -7.70 -9.07 273.08 333.95 9.74 0.00
0.00 304.25
973.80 -7.76 -8.24 -9.47 272.77 333.43 10.87 0.00
0.00 347.31
964.60 -8.56 -8.89 -9.79 272.60 333.43 11.74 0.00
0.00 421.03
950.90 -9.76 -9.88 -10.24 272.37 334.23 12.52 0.00
0.00 531.69
933.40 -11.16 -11.20 -11.32 272.05 334.93 13.30 0.10
100.00 674.68
912.40 -12.36 -12.79 -14.22 271.69 352.60 15.09 0.10
0.00 848.96
889.50 -12.76 -13.15 -14.44 273.28 331.23 11.31 0.00
0.00 1043.03
864.70 -13.16 -13.35 -13.95 275.35 310.88 17.23 0.10
0.00 1258.59
836.90 -13.96 -14.05 -14.34 277.08 326.18 23.40 0.20
0.00 1507.13
806.20 -14.76 -15.11 -16.33 278.70 332.62 24.52 0.30
0.00 1790.49
772.60 -14.76 -16.16 -22.06 280.75 317.98 26.43 0.20
0.00 2112.69
736.10 -14.06 -16.98 -36.93 283.52 312.06 34.82 0.20
0.00 2479.36
696.70 -14.86 -18.04 -48.19 286.62 315.52 45.22 0.30
0.00 2895.97
654.40 -15.86 -19.03 -51.66 290.59 316.05 60.21 0.40
0.00 3368.65
609.20 -17.96 -20.92 -59.75 294.06 313.50 73.70 0.40
0.00 3905.51
561.50 -22.26 -24.52 -52.96 296.02 310.02 79.19 0.40
0.00 4509.46
515.30 -27.76 -29.28 -50.82 296.79 307.22 77.13 0.20
0.00 5133.16
473.70 -32.26 -33.36 -52.85 298.39 308.05 77.26 0.10
0.00 5732.29
436.50 -35.26 -36.19 -56.88 301.56 311.21 81.13 0.10
0.00 6305.42
403.10 -37.66 -38.47 -59.80 305.34 313.71 85.79 0.10
0.00 6856.97
372.80 -40.26 -40.93 -60.41 308.78 314.11 88.25 0.00
0.00 7392.68
345.50 -43.46 -43.97 -61.00 311.22 313.16 90.07 0.00
0.00 7907.58
321.00 -46.56 -46.97 -64.64 313.49 313.07 93.93 0.00
0.00 8398.78
298.90 -48.96 -49.29 -65.17 316.55 314.27 97.46 0.10
0.00 8869.42
279.10 -50.36 -50.66 -65.67 320.79 315.40 97.73 0.10
0.00 9317.82
261.20 -50.86 -51.19 -71.08 326.13 315.17 94.29 0.10
0.00 9749.62
244.70 -50.86 -51.19 -66.63 332.31 312.56 90.25 0.10
0.00 10174.23
229.70 -50.86 -51.21 -67.09 338.36 309.48 88.65 0.10
0.00 10585.86
216.00 -51.06 -51.42 -67.53 344.05 307.94 85.04 0.10
0.00 10985.84
202.30 -51.06 -51.45 -68.00 350.54 305.84 77.69 0.10
0.00 11411.85
188.50 -51.06 -51.48 -68.51 357.68 303.08 70.52 0.10
0.00 11871.18
174.80 -51.56 -51.99 -69.04 364.65 301.52 65.44 0.00
0.00 12361.19
161.10 -52.26 -52.69 -69.62 372.06 299.81 59.82 0.00
0.00 12889.77
147.40 -53.06 -53.46 -67.36 380.29 295.81 53.12 0.00
0.00 13463.41
133.70 -53.46 -53.91 -70.92 390.26 291.37 48.01 0.00
0.00 14091.34
120.00 -52.86 -53.42 -76.29 403.53 289.57 46.42 0.00
0.00 14787.52
106.30 -51.86 -52.56 -77.07 419.64 290.05 45.94 0.00
0.00 15571.03
92.50 -51.96 -52.75 -77.96 436.43 290.01 42.61 0.00
0.00 16471.61
79.80 -53.16 -53.98 -103.55 452.68 280.37 32.41 0.00
0.00 17425.25
69.60 -54.06 -54.88 -79.75 468.84 256.31 31.21 0.00
0.00 18304.14
61.30 -55.96 -56.73 -104.74 481.86 253.64 40.72 0.00
0.00 19115.01
53.50 -57.36 -58.10 -105.35 497.71 267.53 31.52 0.00
0.00 19977.50
46.30 -56.36 -57.28 -82.26 521.16 264.45 28.12 0.00
0.00 20892.64
39.60 -54.66 -55.94 -83.19 549.21 251.57 33.19 0.00
0.00 21888.50
33.30 -54.36 -55.89 -84.22 577.84 243.16 36.16 0.00
0.00 22997.48
27.50 -54.26 -56.07 -85.34 610.56 238.20 40.94 0.00
0.00 24223.42
22.10 -53.76 -56.03 -86.60 651.35 238.21 48.71 0.00
0.00 25625.77
17.00 -49.56 -53.57 -110.25 715.32 239.34 57.17 0.00
0.00 27326.84
12.30 -44.26 -51.39 -111.58 803.13 241.56 63.67 0.00
0.00 29470.03
STN YYMMDD/HHMM PMSL PRES SKTC STC1 SNFL WTNS
P01M C01M STC2 LCLD MCLD HCLD
SNRA UWND VWND R01M BFGR T2MS
Q2MS WXTS WXTP WXTZ WXTR USTM
VSTM HLCY SLLH WSYM CDBP VSBK
TD2M
725396 140215/2300 1017.80 983.30 -273.16 265.50 -9999.00 -9999.00
-9999.00 -9999.00 265.50 -9999.00 -9999.00 -9999.00
0.00 1.00 2.00 -9999.00 -9999.00 -7.06
1.59 0.00 0.00 0.00 0.00 5.20
-9.10 38.90 -9999.00 999.00 -9999.00 20.00
-11.72
725396 140216/0000 1018.10 983.60 -273.16 265.50 0.00 -9999.00
0.00 0.00 265.50 -9999.00 -9999.00 -9999.00
0.00 1.20 1.90 0.00 0.00 -8.46
1.19 0.00 0.00 0.00 0.00 4.10
-8.00 41.70 -9999.00 999.00 -9999.00 20.00
-15.28
725396 140216/0100 1017.90 983.10 -273.16 265.50 0.00 -9999.00
0.00 0.00 265.50 -9999.00 -9999.00 -9999.00
0.00 0.00 1.90 0.00 0.00 -9.96
1.10 0.00 0.00 0.00 0.00 3.60
-7.10 41.60 -9999.00 999.00 -9999.00 20.00
-16.23
725396 140216/0200 1018.20 983.40 -273.16 265.50 0.00 -9999.00
0.00 0.00 265.50 -9999.00 -9999.00 -9999.00
0.00 -0.20 1.80 0.00 0.00 -10.56
1.16 0.00 0.00 0.00 0.00 2.90
-5.60 29.70 -9999.00 999.00 -9999.00 20.00
-15.59
725396 140216/0300 1017.70 982.80 -273.16 265.50 0.00 -9999.00
0.00 0.00 265.50 -9999.00 -9999.00 -9999.00
0.00 -0.20 1.50 0.00 0.00 -10.66
1.26 0.00 0.00 0.00 0.00 2.80
-5.20 30.30 -9999.00 999.00 -9999.00 20.00
-14.60
725396 140216/0400 1016.20 981.20 -273.16 265.40 0.00 -9999.00
0.00 0.00 265.50 -9999.00 -9999.00 -9999.00
0.00 -0.90 1.80 0.00 0.00 -11.66
1.26 0.00 0.00 0.00 0.00 2.90
-4.40 50.70 -9999.00 999.00 -9999.00 20.00
-14.62
725396 140216/0500 1017.40 982.30 -273.16 265.40 0.00 -9999.00
0.00 0.00 265.50 -9999.00 -9999.00 -9999.00
0.00 -0.90 2.90 0.00 0.00 -12.36
1.17 0.00 0.00 0.00 0.00 2.60
-2.40 95.30 -9999.00 999.00 -9999.00 20.00
-15.50
725396 140216/0600 1017.40 982.30 -273.16 265.40 0.00 -9999.00
0.00 0.00 265.50 -9999.00 -9999.00 -9999.00
0.00 0.10 2.30 0.00 0.00 -12.16
1.27 0.00 0.00 0.00 0.00 2.30
0.40 89.30 -9999.00 999.00 -9999.00 20.00
-14.51
725396 140216/0700 1016.40 981.50 -273.16 265.40 0.00 -9999.00
0.00 0.00 265.40 -9999.00 -9999.00 -9999.00
0.00 -0.10 1.50 0.00 0.00 -11.76
1.36 0.00 0.00 0.00 0.00 4.20
-0.50 51.60 -9999.00 999.00 -9999.00 20.00
-13.68
725396 140216/0800 1014.60 979.90 -273.16 265.30 0.00 -9999.00
0.00 0.00 265.40 -9999.00 -9999.00 -9999.00
0.00 -0.50 2.70 0.00 0.00 -11.16
1.43 0.00 0.00 0.00 0.00 5.50
-0.30 67.20 -9999.00 999.00 -9999.00 20.00
-13.08
725396 140216/0900 1014.20 979.70 -273.16 265.30 28.70 -9999.00
0.03 0.00 265.40 -9999.00 -9999.00 -9999.00
0.00 -0.40 2.50 0.00 0.00 -10.76
1.49 1.00 0.00 0.00 0.00 7.10
-2.50 99.00 -9999.00 70.00 733.90 0.91
-12.58
725396 140216/1000 1014.40 979.90 -273.16 265.30 86.40 -9999.00
0.09 0.00 265.40 -9999.00 -9999.00 -9999.00
0.00 -0.50 2.80 0.00 0.00 -10.46
1.57 1.00 0.00 0.00 0.00 9.00
-6.30 188.80 -9999.00 70.00 694.70 0.47
-11.93
725396 140216/1100 1014.20 979.70 -273.16 265.30 120.40 -9999.00
0.12 0.00 265.40 -9999.00 -9999.00 -9999.00
0.00 -0.20 2.00 0.00 0.00 -10.26
1.62 1.00 0.00 0.00 0.00 10.80
-10.20 267.40 -9999.00 70.00 733.80 0.38
-11.54
725396 140216/1200 1013.60 979.00 -273.16 265.30 121.30 -9999.00
0.12 0.00 265.40 -9999.00 -9999.00 -9999.00
0.00 -0.50 1.10 0.00 0.00 -10.16
1.63 1.00 0.00 0.00 0.00 11.20
-13.00 210.70 -9999.00 70.00 803.10 0.38
-11.47
725396 140216/1300 1015.10 980.40 -273.16 265.30 127.60 -9999.00
0.13 0.00 265.30 -9999.00 -9999.00 -9999.00
0.00 0.30 0.20 0.00 0.00 -9.96
1.66 1.00 0.00 0.00 0.00 12.10
-15.50 140.60 -9999.00 70.00 804.30 0.37
-11.22
725396 140216/1400 1016.30 981.60 -273.16 265.30 129.40 -9999.00
0.13 0.00 265.30 -9999.00 -9999.00 -9999.00
0.00 1.40 -0.10 0.00 0.00 -9.06
1.74 1.00 0.00 0.00 0.00 13.10
-17.50 101.90 -9999.00 70.00 805.20 0.37
-10.62
725396 140216/1500 1016.60 982.00 -273.16 265.30 70.60 -9999.00
0.07 0.00 265.30 -9999.00 -9999.00 -9999.00
0.00 2.40 -2.70 0.00 0.00 -8.06
1.89 1.00 0.00 0.00 0.00 13.50
-19.20 68.70 -9999.00 70.00 805.50 0.54
-9.57
725396 140216/1600 1016.90 982.30 -273.16 265.30 27.10 -9999.00
0.03 0.00 265.30 -9999.00 -9999.00 -9999.00
0.00 3.50 -3.90 0.00 0.00 -7.36
2.00 1.00 0.00 0.00 0.00 12.70
-20.50 42.30 -9999.00 70.00 805.70 0.98
-8.84
725396 140216/1700 1017.40 983.00 -273.16 265.30 20.70 -9999.00
0.02 0.00 265.30 -9999.00 -9999.00 -9999.00
0.00 2.90 -4.60 0.00 0.00 -6.06
2.21 1.00 0.00 0.00 0.00 11.50
-21.60 -13.70 -9999.00 70.00 933.40 1.16
-7.55


