
SNPARM = PRES;TMPC;TMWC;DWPC;THTE;DRCT;SKNT;OMEG;CFRL;HGHT
STNPRM = SHOW;LIFT;SWET;KINX;LCLP;PWAT;TOTL;CAPE;LCLT;CINS;EQLV;LFCT;BRCH

STID = KLAN STNM = 725390 TIME = 140128/2000
SLAT = 42.77 SLON = -84.6 SELV = 249
STIM = 0

SHOW = 16.18 LIFT = 20.52 SWET = 99.44 KINX = -18.42
LCLP = 908.58 PWAT = 2.06 TOTL = 31.94 CAPE = 0.00
LCLT = 252.68 CINS = 0.00 EQLV = -9999.00 LFCT = -9999.00
BRCH = 0.00

PRES TMPC TMWC DWPC THTE DRCT SKNT OMEG
CFRL HGHT
992.00 -14.06 -15.01 -19.46 262.04 241.09 14.88 0.00
0.00 252.06
989.10 -14.66 -15.62 -20.36 261.49 242.10 18.69 0.00
0.00 274.25
983.70 -15.86 -16.73 -21.36 260.52 242.47 20.61 0.00
0.00 315.59
974.30 -17.16 -17.90 -22.13 259.81 242.51 21.47 0.10
0.00 387.76
960.60 -18.26 -18.79 -21.79 259.82 242.98 21.82 0.10
0.00 493.69
942.90 -19.56 -19.87 -21.68 259.93 243.89 22.08 0.20
0.00 632.16
921.70 -21.16 -21.51 -23.82 259.67 257.47 25.09 0.20
0.00 800.50
898.60 -21.46 -21.94 -25.25 261.09 273.27 27.26 0.20
0.00 987.68
873.50 -21.56 -22.07 -25.56 263.11 267.14 27.25 0.20
0.00 1196.44
845.50 -21.26 -21.78 -25.15 266.00 259.62 28.06 0.20
0.00 1436.60
814.50 -22.36 -22.85 -26.13 267.59 258.76 29.93 0.20
0.00 1711.52
780.60 -23.36 -23.95 -28.27 269.55 263.19 31.13 0.20
0.00 2023.09
743.70 -24.36 -25.20 -32.42 271.81 268.24 31.70 0.30
0.00 2376.55
703.90 -25.66 -26.65 -36.94 274.33 270.00 32.27 0.20
0.00 2776.14
661.10 -27.46 -28.30 -37.13 277.29 268.68 33.64 0.10
0.00 3229.01
615.40 -30.76 -31.34 -38.26 279.19 267.51 35.80 0.00
0.00 3740.81
567.20 -34.36 -34.83 -41.95 281.33 268.28 38.89 -0.10
0.00 4315.28
520.50 -37.56 -38.03 -47.60 284.22 265.52 42.31 -0.10
0.00 4911.91
478.50 -41.06 -41.46 -52.77 286.66 259.85 45.22 0.10
0.00 5487.84
440.90 -43.96 -44.31 -56.80 289.70 256.07 50.07 0.10
0.00 6040.38
407.10 -46.06 -46.37 -59.73 293.62 255.63 56.39 0.10
0.00 6573.05
376.50 -48.46 -48.71 -60.34 297.07 254.90 61.20 0.10
0.00 7089.75
349.00 -50.96 -51.18 -64.01 300.15 254.70 64.08 0.10
0.00 7585.85
324.20 -52.56 -52.77 -69.58 304.29 254.83 66.86 0.10
0.00 8063.55
301.90 -52.86 -53.08 -70.08 310.12 253.50 71.16 0.10
0.00 8523.42
281.90 -52.26 -52.52 -70.55 317.10 251.14 75.18 0.20
0.00 8966.02
263.80 -51.26 -51.57 -71.01 324.63 249.66 77.74 0.10
0.00 9396.09
247.10 -50.76 -51.11 -71.46 331.49 249.64 78.79 0.10
0.00 9821.36
231.90 -50.56 -50.94 -71.90 337.86 251.25 78.62 0.00
0.00 10234.84
218.10 -50.56 -50.97 -72.32 343.82 254.37 77.91 0.00
0.00 10634.61
204.20 -50.26 -50.71 -72.76 350.82 257.03 76.20 -0.10
0.00 11063.99
190.40 -49.86 -50.36 -73.24 358.54 257.54 73.86 -0.10
0.00 11520.94
176.50 -50.46 -50.97 -73.75 365.39 256.94 72.24 -0.20
0.00 12015.77
162.70 -51.96 -52.42 -74.29 371.47 257.02 71.81 -0.20
0.00 12544.70
148.80 -53.46 -53.88 -74.88 378.47 258.21 72.28 -0.20
0.00 13120.98
134.90 -54.66 -55.09 -101.12 387.03 261.63 73.48 -0.20
0.00 13749.93
121.10 -54.46 -54.95 -101.63 399.50 267.25 77.06 -0.10
0.00 14440.47
107.20 -53.76 -54.35 -102.20 414.97 268.45 78.95 -0.10
0.00 15222.21
93.40 -54.56 -55.17 -102.83 430.05 264.77 76.71 0.00
0.00 16105.60
80.50 -58.16 -58.63 -103.51 441.29 261.68 75.24 0.00
0.00 17048.83
70.20 -62.26 -62.59 -104.13 450.12 264.84 77.87 0.00
0.00 17902.23
61.80 -64.86 -65.13 -104.71 461.04 269.22 85.54 0.00
0.00 18684.15
54.00 -66.56 -66.80 -105.31 475.23 270.83 93.90 0.00
0.00 19503.42
46.60 -67.26 -67.52 -105.96 493.97 271.37 97.61 0.00
0.00 20393.21
39.90 -67.16 -67.43 -83.15 516.67 273.93 99.17 0.00
0.00 21328.97
33.60 -67.06 -67.39 -84.17 542.91 278.22 104.68 0.00
0.00 22365.47
27.70 -67.36 -67.74 -85.30 572.83 280.10 111.95 0.00
0.00 23529.53
22.20 -66.36 -66.90 -86.58 613.15 279.95 115.84 0.00
0.00 24866.15
17.10 -62.76 -63.87 -110.23 671.97 280.66 114.52 0.00
0.00 26459.91
12.30 -59.06 -61.22 -111.58 751.21 282.77 113.41 0.00
0.00 28506.91

STID = KLAN STNM = 725390 TIME = 140128/2100
SLAT = 42.77 SLON = -84.60 SELV = 249.00
STIM = 1

SHOW = 16.13 LIFT = 20.73 SWET = 103.57 KINX = -19.43
LCLP = 932.10 PWAT = 2.01 TOTL = 31.66 CAPE = 0.00
LCLT = 252.69 CINS = 0.00 EQLV = -9999.00 LFCT = -9999.00
BRCH = 0.00

PRES TMPC TMWC DWPC THTE DRCT SKNT OMEG
CFRL HGHT
991.60 -15.96 -16.59 -19.75 260.09 238.24 14.40 0.00
0.00 257.35
988.60 -16.26 -16.92 -20.37 259.91 238.63 18.67 0.00
0.00 280.16
983.20 -16.76 -17.41 -20.89 259.73 238.95 21.10 0.10
0.00 321.33
973.90 -17.46 -18.03 -21.16 259.70 239.71 22.74 0.10
0.00 392.59
960.10 -18.56 -19.02 -21.64 259.58 240.54 24.11 0.10
0.00 499.22
942.40 -19.96 -20.25 -22.01 259.50 242.03 24.87 0.20
0.00 637.58
921.30 -21.06 -21.43 -23.82 259.81 255.09 27.96 0.20
0.00 805.10
898.20 -20.96 -21.47 -24.86 261.70 268.09 29.17 0.20
0.00 992.59
873.10 -20.96 -21.56 -25.57 263.77 264.77 29.86 0.10
0.00 1201.90
845.10 -21.16 -21.74 -25.53 266.08 261.36 31.06 0.10
0.00 1442.51
814.10 -22.26 -22.81 -26.54 267.68 262.54 32.93 0.10
0.00 1717.67
780.20 -23.26 -23.93 -28.97 269.62 267.02 33.67 0.20
0.00 2029.51
743.40 -24.16 -25.05 -32.73 272.03 272.00 33.45 0.40
0.00 2382.38
703.60 -25.36 -26.41 -37.38 274.67 274.01 33.32 0.40
0.00 2782.53
660.80 -27.16 -28.08 -38.00 277.60 272.25 34.63 0.30
0.00 3236.16
615.10 -30.56 -31.23 -39.62 279.36 269.39 36.35 0.20
0.00 3748.71
567.00 -34.06 -34.61 -43.12 281.64 270.00 38.49 0.10
0.00 4322.82
520.30 -37.46 -37.96 -48.54 284.34 267.82 40.85 0.10
0.00 4920.16
478.30 -41.06 -41.49 -54.30 286.66 262.49 43.13 0.20
0.00 5496.44
440.70 -44.16 -44.50 -56.80 289.48 259.63 46.44 0.20
0.00 6048.99
406.90 -46.56 -46.85 -59.73 293.01 258.52 50.78 0.20
0.00 6581.09
376.30 -48.86 -49.10 -60.34 296.58 255.82 55.54 0.20
0.00 7097.03
348.80 -50.96 -51.18 -64.02 300.20 253.86 61.52 0.10
0.00 7592.95
324.10 -52.26 -52.48 -69.58 304.73 253.28 67.58 0.10
0.00 8069.26
301.80 -52.56 -52.79 -70.08 310.57 253.02 72.56 0.10
0.00 8529.90
281.70 -51.86 -52.10 -65.60 317.78 252.40 75.86 0.20
0.00 8975.66
263.70 -51.06 -51.35 -66.09 325.00 251.79 77.76 0.20
0.00 9404.17
247.00 -50.56 -50.89 -66.56 331.87 251.84 77.94 0.10
0.00 9829.98
231.80 -50.56 -50.92 -67.02 337.94 253.45 76.45 0.10
0.00 10243.83
218.00 -50.76 -51.16 -72.32 343.56 256.79 74.87 0.00
0.00 10643.59
204.10 -50.66 -51.09 -72.77 350.24 259.26 73.01 -0.10
0.00 11072.60
190.30 -50.46 -50.93 -73.24 357.63 259.25 70.83 -0.10
0.00 11528.76
176.40 -51.06 -51.53 -73.75 364.47 257.20 70.17 -0.20
0.00 12022.53
162.60 -52.56 -52.99 -74.29 370.52 255.58 71.05 -0.20
0.00 12550.34
148.70 -54.56 -54.93 -74.89 376.65 255.48 72.09 -0.20
0.00 13124.76
134.90 -56.06 -56.43 -101.12 384.55 261.39 72.74 -0.20
0.00 13745.85
121.00 -55.26 -55.70 -101.63 398.14 268.70 77.19 -0.20
0.00 14438.16
107.20 -54.36 -54.91 -102.20 413.84 269.15 78.54 -0.10
0.00 15212.13
93.30 -55.46 -56.01 -102.84 428.41 264.83 75.53 0.00
0.00 16099.33
80.50 -59.16 -59.58 -103.51 439.24 261.89 74.41 0.10
0.00 17031.67
70.20 -62.96 -63.26 -104.13 448.63 264.72 78.08 0.10
0.00 17881.66
61.80 -64.96 -65.22 -104.71 460.82 268.19 86.35 0.00
0.00 18662.08
53.90 -65.96 -66.22 -105.32 476.86 269.29 93.89 0.00
0.00 19493.62
46.60 -66.46 -66.72 -82.22 495.96 270.00 95.63 0.00
0.00 20375.20
39.90 -66.56 -66.86 -83.15 518.18 273.61 95.82 0.00
0.00 21314.14
33.60 -66.96 -67.29 -84.17 543.17 278.00 100.50 0.00
0.00 22352.40
27.70 -68.16 -68.50 -85.30 570.61 280.07 107.79 0.00
0.00 23514.49
22.20 -68.06 -68.49 -86.58 608.11 281.11 111.92 0.00
0.00 24843.00
17.10 -65.26 -66.08 -110.23 663.98 284.11 114.04 0.00
0.00 26420.72
12.30 -60.46 -62.33 -111.58 746.29 287.43 118.78 0.00
0.00 28448.92

STID = KLAN STNM = 725390 TIME = 140128/2200
SLAT = 42.77 SLON = -84.60 SELV = 249.00
STIM = 2

SHOW = 16.58 LIFT = 21.33 SWET = 105.23 KINX = -19.18
LCLP = 935.63 PWAT = 1.98 TOTL = 30.61 CAPE = 0.00
LCLT = 251.85 CINS = 0.00 EQLV = -9999.00 LFCT = -9999.00
BRCH = 0.00

PRES TMPC TMWC DWPC THTE DRCT SKNT OMEG
CFRL HGHT
990.70 -17.16 -17.70 -20.65 258.79 233.13 13.61 0.00
0.00 257.32
987.80 -17.26 -17.81 -20.84 258.88 233.88 17.81 0.10
0.00 279.29
982.40 -17.56 -18.12 -21.22 258.92 234.40 21.04 0.10
0.00 320.35
973.00 -18.26 -18.74 -21.49 258.90 235.12 23.46 0.10
0.00 392.21
959.30 -19.26 -19.63 -21.81 258.90 236.43 24.96 0.20
0.00 497.85
941.60 -20.36 -20.66 -22.52 259.07 242.19 27.91 0.20
0.00 636.02
920.50 -20.56 -20.96 -23.47 260.44 257.70 31.04 0.10
0.00 803.72
897.40 -20.76 -21.19 -23.93 262.11 267.12 30.95 0.00
0.00 991.64
872.40 -20.96 -21.50 -24.99 263.91 265.71 31.19 0.00
0.00 1200.37
844.40 -21.16 -21.79 -25.94 266.09 266.25 32.73 0.00
0.00 1441.18
813.40 -21.96 -22.64 -27.39 267.95 268.71 34.41 0.10
0.00 1716.74
779.50 -22.76 -23.59 -29.97 270.11 271.95 34.23 0.10
0.00 2029.34
742.70 -23.66 -24.64 -33.06 272.62 275.71 33.21 0.20
0.00 2383.24
703.00 -25.06 -26.09 -36.12 275.16 278.51 32.82 0.30
0.00 2783.39
660.20 -27.06 -27.99 -38.01 277.79 276.59 33.85 0.30
0.00 3237.79
614.60 -30.46 -31.17 -40.12 279.51 273.13 35.62 0.20
0.00 3749.87
566.50 -33.86 -34.45 -43.77 281.92 271.49 37.33 0.20
0.00 4324.82
519.90 -37.16 -37.70 -49.58 284.73 267.46 39.50 0.20
0.00 4922.00
477.90 -40.56 -41.04 -56.14 287.31 263.01 41.52 0.20
0.00 5499.73
440.30 -43.86 -44.23 -59.11 289.90 260.45 43.36 0.20
0.00 6053.71
406.60 -46.66 -46.95 -59.74 292.94 257.37 46.22 0.20
0.00 6584.90
376.00 -49.06 -49.29 -60.35 296.39 253.26 51.96 0.10
0.00 7100.90
348.50 -50.86 -51.08 -64.03 300.41 251.16 60.18 0.10
0.00 7597.12
323.80 -51.96 -52.17 -64.57 305.26 251.46 67.25 0.10
0.00 8074.29
301.50 -52.06 -52.28 -65.10 311.40 252.66 71.07 0.10
0.00 8536.21
281.50 -51.36 -51.62 -65.61 318.57 253.55 72.76 0.10
0.00 8981.13
263.50 -50.46 -50.78 -66.09 325.95 254.05 73.59 0.00
0.00 9411.02
246.80 -50.06 -50.42 -66.57 332.69 254.35 73.48 0.00
0.00 9838.22
231.60 -50.26 -50.63 -67.03 338.48 255.33 72.94 0.00
0.00 10253.16
217.80 -50.56 -50.94 -67.47 344.00 256.34 71.61 -0.10
0.00 10653.73
204.00 -50.76 -51.16 -67.94 350.18 256.78 69.69 -0.10
0.00 11080.05
190.10 -50.96 -51.38 -68.45 356.98 255.53 68.46 -0.10
0.00 11539.26
176.30 -51.76 -52.20 -73.75 363.38 253.15 69.06 -0.10
0.00 12028.55
162.40 -53.36 -53.75 -74.30 369.31 251.81 71.00 -0.10
0.00 12558.85
148.60 -55.66 -55.99 -74.89 374.82 252.59 72.11 -0.10
0.00 13127.22
134.80 -56.86 -57.17 -75.53 383.27 261.11 72.99 -0.20
0.00 13746.03
120.90 -55.76 -56.18 -101.64 397.32 268.40 76.81 -0.10
0.00 14436.82
107.10 -54.96 -55.48 -102.20 412.81 268.40 76.42 0.00
0.00 15209.51
93.30 -56.46 -56.95 -102.84 426.44 263.61 73.35 0.00
0.00 16087.53
80.40 -60.06 -60.43 -103.52 437.55 261.33 73.54 0.00
0.00 17023.58
70.10 -63.56 -63.84 -104.14 447.53 265.31 78.40 0.00
0.00 17871.70
61.70 -64.86 -65.13 -104.71 461.26 269.49 87.09 0.00
0.00 18652.37
53.90 -65.36 -65.64 -105.32 478.25 270.12 93.69 0.00
0.00 19475.45
46.60 -65.66 -65.95 -82.22 497.88 270.47 93.89 0.00
0.00 20360.01
39.80 -65.86 -66.19 -83.16 520.31 272.87 93.22 0.00
0.00 21317.60
33.50 -66.96 -67.30 -84.19 543.63 276.93 96.73 0.00
0.00 22360.47
27.70 -68.76 -69.08 -85.30 568.94 279.73 102.36 0.00
0.00 23502.95
22.20 -68.96 -69.34 -86.58 605.44 281.90 106.48 0.00
0.00 24826.60
17.10 -66.06 -66.81 -110.23 661.43 284.83 111.60 0.00
0.00 26397.82
12.30 -60.96 -62.74 -111.58 744.54 286.86 120.65 0.00
0.00 28419.75

STID = KLAN STNM = 725390 TIME = 140128/2300
SLAT = 42.77 SLON = -84.60 SELV = 249.00
STIM = 3

SHOW = 16.89 LIFT = 21.92 SWET = 104.31 KINX = -17.21
LCLP = 941.88 PWAT = 2.06 TOTL = 30.64 CAPE = 0.00
LCLT = 250.81 CINS = 0.00 EQLV = -9999.00 LFCT = -9999.00
BRCH = 0.00

PRES TMPC TMWC DWPC THTE DRCT SKNT OMEG
CFRL HGHT
991.30 -18.66 -19.11 -21.77 257.04 229.40 12.54 0.00
0.00 257.26
988.40 -18.56 -19.01 -21.63 257.38 230.19 16.70 0.10
0.00 279.10
983.00 -18.56 -18.99 -21.53 257.81 230.67 20.86 0.10
0.00 319.94
973.70 -18.86 -19.27 -21.64 258.21 232.59 24.96 0.10
0.00 390.77
959.90 -19.76 -20.07 -21.97 258.32 234.46 26.75 0.10
0.00 496.88
942.20 -20.66 -20.92 -22.51 258.72 241.60 29.83 0.10
0.00 634.74
921.10 -20.36 -20.72 -22.94 260.68 259.76 32.79 0.00
0.00 802.31
898.00 -20.86 -21.21 -23.40 262.03 268.26 32.09 0.00
0.00 990.14
872.90 -21.26 -21.69 -24.42 263.64 268.95 31.69 0.00
0.00 1199.42
844.90 -21.26 -21.79 -25.16 266.05 271.01 33.24 0.00
0.00 1439.90
813.90 -21.66 -22.32 -26.74 268.31 272.85 35.23 0.00
0.00 1715.40
780.00 -22.26 -23.14 -29.71 270.63 274.79 34.92 0.00
0.00 2028.32
743.20 -23.16 -24.16 -32.43 273.17 278.80 33.04 0.00
0.00 2382.70
703.40 -24.86 -25.80 -34.28 275.49 282.49 31.46 0.00
0.00 2784.18
660.70 -27.16 -27.99 -36.35 277.74 281.38 31.53 0.00
0.00 3237.32
615.00 -30.36 -31.05 -39.62 279.60 276.38 33.25 0.10
0.00 3750.16
566.80 -33.76 -34.38 -44.45 281.96 271.87 35.78 0.10
0.00 4326.21
520.20 -36.86 -37.45 -50.74 285.01 267.06 37.95 0.10
0.00 4923.56
478.20 -40.26 -40.76 -56.14 287.63 263.41 38.94 0.10
0.00 5501.68
440.60 -43.76 -44.14 -59.11 289.97 260.02 39.28 0.20
0.00 6055.77
406.80 -46.76 -47.04 -59.73 292.77 256.36 41.20 0.20
0.00 6588.23
376.20 -49.06 -49.29 -60.34 296.34 252.09 47.39 0.20
0.00 7103.85
348.70 -50.66 -50.86 -60.93 300.67 250.87 55.76 0.20
0.00 7600.02
324.00 -51.66 -51.87 -64.57 305.62 251.79 62.21 0.10
0.00 8077.44
301.70 -51.96 -52.18 -65.10 311.48 254.03 65.71 0.00
0.00 8539.48
281.70 -51.56 -51.81 -65.60 318.21 255.72 67.79 0.00
0.00 8984.00
263.60 -51.16 -51.45 -66.09 324.89 256.43 68.79 -0.10
0.00 9415.17
246.90 -51.06 -51.37 -66.57 331.16 257.40 69.51 -0.10
0.00 9840.58
231.80 -51.16 -51.49 -67.02 337.03 257.66 70.04 -0.10
0.00 10250.77
217.90 -51.36 -51.71 -67.47 342.72 256.93 69.64 0.00
0.00 10652.43
204.10 -51.46 -51.83 -67.94 349.03 255.73 68.60 0.00
0.00 11077.12
190.20 -51.46 -51.85 -68.44 356.12 253.65 67.66 0.00
0.00 11534.85
176.40 -52.06 -52.48 -73.75 362.83 251.82 68.54 0.10
0.00 12022.99
162.50 -53.56 -53.94 -74.30 368.91 251.46 70.32 0.10
0.00 12552.38
148.70 -55.66 -55.99 -74.89 374.75 254.83 71.30 0.00
0.00 13120.13
134.90 -56.16 -56.50 -75.53 384.43 264.56 73.81 0.00
0.00 13739.50
121.00 -54.86 -55.33 -101.63 398.87 269.56 76.20 0.00
0.00 14432.29
107.20 -54.66 -55.19 -102.20 413.27 267.30 74.14 0.00
0.00 15206.43
93.30 -56.96 -57.43 -102.84 425.45 261.85 72.65 0.10
0.00 16089.98
80.40 -61.06 -61.39 -103.52 435.49 260.81 74.23 0.00
0.00 17022.77
70.10 -64.66 -64.90 -104.14 445.18 266.34 79.27 0.00
0.00 17866.67
61.70 -65.76 -66.00 -104.71 459.26 270.90 87.09 -0.10
0.00 18643.61
53.90 -65.66 -65.93 -105.32 477.56 271.91 93.35 -0.10
0.00 19464.31
46.60 -65.06 -65.37 -82.22 499.32 271.77 94.51 0.00
0.00 20349.51
39.80 -65.46 -65.81 -83.16 521.31 273.83 93.12 0.00
0.00 21309.41
33.60 -67.26 -67.58 -84.17 542.38 278.31 95.47 0.00
0.00 22334.49
27.70 -69.36 -69.65 -85.30 567.27 280.98 99.99 0.00
0.00 23492.33
22.20 -69.36 -69.72 -86.58 604.26 282.45 105.50 0.00
0.00 24812.75
17.10 -66.26 -66.99 -110.23 660.79 283.42 113.11 0.00
0.00 26381.68
12.30 -61.36 -63.06 -111.58 743.14 283.77 123.28 0.00
0.00 28400.71

STID = KLAN STNM = 725390 TIME = 140129/0000
SLAT = 42.77 SLON = -84.60 SELV = 249.00
STIM = 4

SHOW = 17.04 LIFT = 22.19 SWET = 103.97 KINX = -19.82
LCLP = 945.14 PWAT = 1.94 TOTL = 28.61 CAPE = 0.00
LCLT = 249.98 CINS = 0.00 EQLV = -9999.00 LFCT = -9999.00
BRCH = 0.00

PRES TMPC TMWC DWPC THTE DRCT SKNT OMEG
CFRL HGHT
992.50 -19.66 -20.06 -22.62 255.81 230.30 13.39 0.00
0.00 257.22
989.60 -19.56 -19.96 -22.48 256.15 231.24 17.70 0.10
0.00 278.94
984.20 -19.56 -19.95 -22.36 256.58 232.21 21.89 0.10
0.00 319.58
974.80 -19.76 -20.13 -22.47 257.08 233.88 26.71 0.10
0.00 390.82
961.10 -20.46 -20.76 -22.63 257.41 237.44 29.98 0.20
0.00 495.70
943.30 -20.86 -21.11 -22.67 258.40 247.01 34.84 0.10
0.00 633.92
922.20 -20.46 -20.52 -20.87 260.84 263.27 34.84 0.10
0.00 801.20
899.10 -21.46 -21.55 -22.07 261.53 266.99 33.28 0.10
0.00 988.55
874.00 -21.46 -21.88 -24.59 263.31 267.93 32.29 0.10
0.00 1197.24
845.90 -21.36 -22.15 -27.87 265.49 269.67 34.21 0.00
0.00 1438.14
814.90 -21.76 -22.71 -30.03 267.71 270.31 36.35 0.00
0.00 1713.17
781.00 -22.26 -23.29 -31.61 270.33 271.23 36.16 0.00
0.00 2025.61
744.10 -23.26 -24.29 -33.04 272.91 275.25 33.96 0.00
0.00 2380.43
704.30 -24.86 -25.82 -34.61 275.36 280.18 30.81 0.00
0.00 2781.33
661.50 -27.06 -27.94 -37.13 277.69 281.01 29.51 0.00
0.00 3235.05
615.70 -30.26 -31.03 -41.17 279.53 277.52 31.17 0.00
0.00 3748.62
567.50 -33.66 -34.33 -45.97 281.91 272.94 34.06 -0.10
0.00 4324.22
520.80 -37.06 -37.66 -52.05 284.64 268.45 35.97 -0.10
0.00 4922.00
478.80 -40.36 -40.85 -56.13 287.41 264.47 36.32 -0.10
0.00 5499.05
441.20 -43.86 -44.23 -59.09 289.73 261.30 35.99 0.00
0.00 6052.19
407.30 -46.86 -47.14 -59.72 292.54 258.87 37.24 0.10
0.00 6585.29
376.70 -48.96 -49.19 -60.33 296.36 257.70 41.98 0.20
0.00 7100.25
349.20 -50.36 -50.57 -60.92 300.95 257.37 48.01 0.20
0.00 7596.18
324.40 -51.56 -51.75 -61.49 305.69 257.65 52.73 0.10
0.00 8075.33
302.10 -52.06 -52.25 -62.04 311.26 258.00 57.03 0.10
0.00 8536.79
282.00 -52.06 -52.27 -62.56 317.44 258.26 61.15 0.00
0.00 8982.39
264.00 -52.06 -52.29 -63.06 323.47 258.83 64.20 -0.10
0.00 9409.27
247.20 -51.96 -52.21 -63.56 329.75 259.02 66.33 -0.10
0.00 9834.92
232.00 -52.06 -52.33 -64.03 335.63 258.92 67.74 -0.10
0.00 10245.72
218.20 -51.76 -52.06 -64.49 342.02 257.93 68.78 -0.10
0.00 10642.89
204.30 -51.06 -51.44 -67.93 349.56 255.57 68.64 0.00
0.00 11070.15
190.50 -50.56 -51.00 -68.43 357.41 253.16 68.44 0.00
0.00 11525.34
176.60 -51.16 -51.63 -73.74 364.19 251.97 69.71 0.10
0.00 12018.35
162.70 -52.96 -53.37 -74.29 369.79 253.15 71.08 0.00
0.00 12548.92
148.90 -55.06 -55.41 -74.88 375.64 259.23 72.81 -0.10
0.00 13117.49
135.00 -55.36 -55.73 -75.52 385.77 266.76 75.73 -0.20
0.00 13742.70
121.10 -54.66 -55.14 -101.63 399.14 268.97 76.01 -0.20
0.00 14436.55
107.30 -55.16 -55.66 -102.19 412.22 265.47 73.90 -0.10
0.00 15209.47
93.40 -57.86 -58.28 -102.83 423.55 260.19 74.17 0.00
0.00 16089.30
80.50 -61.96 -62.26 -103.51 433.49 259.41 76.13 0.00
0.00 17017.09
70.20 -65.56 -65.78 -104.13 443.08 264.14 79.92 0.00
0.00 17856.26
61.80 -66.46 -66.68 -104.71 457.50 269.10 86.51 0.00
0.00 18629.04
54.00 -65.76 -66.03 -105.31 477.07 271.44 92.55 0.00
0.00 19446.73
46.70 -65.06 -65.37 -82.20 499.02 272.26 93.57 0.00
0.00 20329.96
39.90 -66.16 -66.47 -83.15 519.18 276.19 91.89 0.00
0.00 21286.02
33.60 -68.56 -68.83 -84.17 538.96 281.57 93.05 0.00
0.00 22321.26
27.70 -70.66 -70.90 -85.30 563.65 283.76 98.06 0.00
0.00 23471.76
22.20 -71.16 -71.44 -86.58 598.92 284.06 105.60 0.00
0.00 24782.13
17.10 -68.66 -69.20 -110.23 653.13 283.78 114.28 0.00
0.00 26335.01
12.30 -62.76 -64.22 -111.58 738.22 284.30 122.76 0.00
0.00 28335.73

STID = KLAN STNM = 725390 TIME = 140129/0100
SLAT = 42.77 SLON = -84.60 SELV = 249.00
STIM = 5

SHOW = 17.02 LIFT = 22.44 SWET = 101.24 KINX = -23.25
LCLP = 940.16 PWAT = 1.81 TOTL = 26.97 CAPE = 0.00
LCLT = 249.00 CINS = 0.00 EQLV = -9999.00 LFCT = -9999.00
BRCH = 0.00

PRES TMPC TMWC DWPC THTE DRCT SKNT OMEG
CFRL HGHT
991.40 -20.36 -20.77 -23.57 255.05 231.60 13.14 0.10
0.00 256.46
988.40 -20.36 -20.78 -23.60 255.27 232.74 17.34 0.10
0.00 278.90
983.00 -20.46 -20.87 -23.66 255.57 233.66 20.99 0.10
0.00 319.44
973.70 -20.66 -21.06 -23.77 256.06 236.31 25.93 0.20
0.00 389.75
959.90 -20.66 -21.02 -23.36 257.19 244.37 31.91 0.20
0.00 495.29
942.20 -20.06 -20.21 -21.07 259.57 257.03 35.51 0.30
0.00 633.07
921.10 -21.26 -21.27 -21.33 260.02 265.48 34.51 0.30
100.00 800.55
898.00 -21.56 -21.70 -22.56 261.44 269.35 34.41 0.30
0.00 987.79
872.90 -21.26 -21.88 -26.19 263.39 270.33 33.63 0.20
0.00 1196.78
844.90 -21.06 -22.07 -29.92 265.67 268.36 34.03 0.10
0.00 1437.33
814.00 -21.36 -22.43 -30.89 268.14 267.50 35.61 0.10
0.00 1712.17
780.10 -22.06 -23.21 -32.88 270.51 268.77 36.16 0.10
0.00 2025.33
743.20 -23.26 -24.42 -35.17 272.82 273.18 35.04 0.10
0.00 2380.70
703.40 -24.86 -25.93 -36.52 275.31 279.35 32.31 0.10
0.00 2782.08
660.70 -26.96 -27.90 -38.00 277.84 282.77 29.90 0.10
0.00 3235.39
615.00 -30.06 -30.88 -41.76 279.82 281.75 29.58 0.10
0.00 3748.75
566.90 -33.66 -34.36 -46.84 281.97 278.33 30.84 0.00
0.00 4324.01
520.20 -37.06 -37.66 -52.06 284.73 274.79 32.58 0.00
0.00 4922.46
478.20 -40.36 -40.83 -54.30 287.54 270.98 34.22 0.00
0.00 5500.20
440.60 -43.76 -44.11 -56.80 290.01 268.42 35.20 0.10
0.00 6054.19
406.90 -46.66 -46.92 -57.45 292.92 268.47 36.36 0.20
0.00 6585.12
376.30 -48.66 -48.88 -58.07 296.88 269.71 38.10 0.30
0.00 7101.18
348.80 -49.96 -50.16 -58.67 301.63 270.00 39.46 0.30
0.00 7598.44
324.00 -51.16 -51.36 -61.50 306.35 266.83 42.24 0.20
0.00 8079.03
301.70 -51.96 -52.16 -62.05 311.52 262.82 46.63 0.20
0.00 8541.59
281.70 -52.36 -52.56 -62.57 317.11 260.22 52.66 0.10
0.00 8985.31
263.70 -52.16 -52.36 -60.87 323.47 258.84 58.25 0.00
0.00 9412.28
246.90 -52.16 -52.38 -61.37 329.61 257.28 61.77 0.00
0.00 9838.13
231.80 -52.16 -52.40 -61.86 335.60 257.34 64.75 -0.10
0.00 10246.39
217.90 -51.46 -51.78 -64.50 342.61 257.35 68.33 -0.10
0.00 10647.07
204.10 -50.56 -50.94 -64.99 350.49 256.00 69.91 -0.10
0.00 11072.52
190.20 -50.46 -50.91 -68.44 357.73 253.88 70.01 -0.10
0.00 11532.21
176.40 -51.56 -51.98 -68.98 363.70 253.27 70.23 -0.10
0.00 12022.01
162.50 -53.56 -53.94 -74.30 368.91 254.94 71.06 -0.10
0.00 12552.00
148.70 -55.26 -55.60 -74.89 375.44 261.33 73.54 -0.20
0.00 13120.27
134.90 -55.46 -55.83 -75.53 385.67 267.10 76.88 -0.20
0.00 13741.21
121.00 -55.26 -55.70 -101.63 398.14 268.40 76.62 -0.20
0.00 14434.48
107.20 -56.46 -56.89 -102.20 409.87 266.58 74.97 -0.10
0.00 15204.72
93.30 -59.06 -59.43 -102.84 421.32 262.80 76.02 0.00
0.00 16080.34
80.50 -62.56 -62.84 -103.51 432.26 262.63 78.79 0.00
0.00 16997.56
70.10 -65.16 -65.39 -104.14 444.12 266.80 83.52 0.00
0.00 17845.07
61.70 -64.96 -65.22 -104.71 461.04 270.99 90.01 0.10
0.00 18622.57
53.90 -64.16 -64.49 -105.32 481.01 272.40 92.80 0.10
0.00 19447.81
46.60 -64.86 -65.18 -82.22 499.80 273.70 90.38 0.10
0.00 20336.64
39.80 -66.86 -67.15 -83.16 517.80 276.72 88.08 0.10
0.00 21293.77
33.60 -69.06 -69.31 -84.17 537.64 279.28 90.40 0.00
0.00 22310.92
27.70 -71.26 -71.48 -85.30 561.98 280.26 98.18 0.00
0.00 23458.30
22.20 -72.36 -72.59 -86.58 595.36 280.58 107.97 0.00
0.00 24762.84
17.10 -70.86 -71.26 -110.23 646.10 280.55 115.67 0.00
0.00 26302.74
12.30 -64.36 -65.58 -111.58 732.61 281.16 120.46 0.00
0.00 28285.13

STID = KLAN STNM = 725390 TIME = 140129/0200
SLAT = 42.77 SLON = -84.60 SELV = 249.00
STIM = 6

SHOW = 16.52 LIFT = 22.42 SWET = 99.60 KINX = -24.53
LCLP = 938.54 PWAT = 1.82 TOTL = 26.63 CAPE = 0.00
LCLT = 248.59 CINS = 0.00 EQLV = -9999.00 LFCT = -9999.00
BRCH = 0.00

PRES TMPC TMWC DWPC THTE DRCT SKNT OMEG
CFRL HGHT
991.30 -20.66 -21.07 -23.96 254.70 230.95 13.27 0.10
0.00 257.20
988.40 -20.76 -21.16 -24.00 254.81 231.84 17.30 0.10
0.00 278.85
983.00 -20.96 -21.37 -24.26 254.98 232.92 20.95 0.10
0.00 319.33
973.60 -21.06 -21.45 -24.16 255.61 236.43 26.36 0.20
0.00 390.27
959.90 -20.16 -20.50 -22.65 257.80 247.28 33.72 0.20
0.00 495.07
942.20 -19.56 -19.68 -20.34 260.22 261.65 36.15 0.20
0.00 633.13
921.10 -21.06 -21.08 -21.18 260.25 266.91 36.01 0.30
100.00 800.84
898.00 -21.66 -21.77 -22.40 261.36 271.57 35.39 0.30
0.00 988.12
872.90 -20.96 -21.65 -26.40 263.68 270.99 33.83 0.20
0.00 1197.19
844.90 -20.16 -21.39 -31.10 266.51 267.04 33.87 0.10
0.00 1438.31
813.90 -20.46 -21.73 -31.80 269.02 266.27 35.84 0.00
0.00 1715.04
780.10 -21.46 -22.74 -33.57 271.10 269.39 36.55 0.00
0.00 2028.22
743.20 -22.96 -24.21 -35.97 273.09 275.00 35.71 0.00
0.00 2384.22
703.40 -24.66 -25.80 -37.38 275.47 281.38 33.51 0.10
0.00 2786.00
660.70 -26.86 -27.84 -38.45 277.92 285.64 30.28 0.10
0.00 3239.58
615.00 -29.86 -30.72 -42.36 280.02 285.40 27.82 0.20
0.00 3753.25
566.90 -33.56 -34.24 -45.98 282.12 282.88 27.92 0.20
0.00 4328.88
520.20 -37.06 -37.59 -48.54 284.83 277.67 30.60 0.10
0.00 4927.45
478.20 -40.16 -40.56 -50.31 287.90 272.00 33.45 0.10
0.00 5505.46
440.60 -43.16 -43.47 -52.16 290.87 270.32 35.18 0.10
0.00 6060.41
406.90 -45.86 -46.13 -55.63 293.99 275.02 35.51 0.10
0.00 6592.98
376.30 -47.86 -48.10 -58.07 297.94 281.92 35.76 0.10
0.00 7110.87
348.80 -49.86 -50.08 -60.93 301.73 284.04 34.46 0.10
0.00 7609.13
324.00 -51.56 -51.75 -61.50 305.80 278.08 33.18 0.10
0.00 8089.39
301.70 -52.16 -52.35 -62.05 311.24 266.42 37.39 0.10
0.00 8551.33
281.70 -51.86 -52.05 -60.35 317.87 259.11 46.32 0.10
0.00 8995.35
263.60 -51.56 -51.78 -60.87 324.39 256.42 53.79 0.00
0.00 9425.84
246.90 -51.76 -52.00 -61.37 330.21 255.78 57.75 0.00
0.00 9850.20
231.80 -51.86 -52.09 -60.13 336.10 257.02 61.44 0.00
0.00 10259.11
217.90 -51.66 -51.94 -62.33 342.35 257.89 65.80 -0.10
0.00 10659.87
204.10 -51.36 -51.71 -64.99 349.23 257.35 68.33 -0.10
0.00 11084.37
190.20 -51.46 -51.85 -68.44 356.12 254.96 69.64 -0.10
0.00 11542.21
176.40 -52.36 -52.74 -68.98 362.39 253.60 70.92 -0.10
0.00 12030.02
162.50 -54.06 -54.42 -74.30 368.07 256.80 71.48 -0.10
0.00 12558.45
148.70 -55.26 -55.60 -74.89 375.44 264.20 75.03 -0.10
0.00 13126.06
134.80 -55.56 -55.95 -101.13 385.52 267.70 77.43 -0.10
0.00 13751.59
121.00 -56.36 -56.75 -101.63 396.13 267.79 75.67 0.00
0.00 14438.23
107.20 -57.86 -58.21 -77.02 407.28 266.41 74.59 0.00
0.00 15204.05
93.30 -60.16 -60.46 -77.91 419.22 263.98 76.03 0.00
0.00 16074.59
80.40 -63.16 -63.42 -103.52 431.18 265.11 79.79 -0.10
0.00 16995.84
70.10 -64.96 -65.19 -104.14 444.54 269.35 85.34 -0.10
0.00 17834.93
61.70 -64.46 -64.74 -104.71 462.14 271.99 89.66 -0.10
0.00 18613.73
53.90 -64.16 -64.49 -105.32 481.01 272.25 89.29 0.00
0.00 19439.97
46.60 -64.96 -65.28 -82.22 499.56 273.34 86.84 0.00
0.00 20328.58
39.80 -66.46 -66.76 -83.16 518.80 276.03 86.98 0.00
0.00 21286.40
33.60 -68.66 -68.92 -84.17 538.69 279.66 91.49 0.00
0.00 22305.53
27.70 -71.36 -71.58 -85.30 561.70 281.20 98.09 0.00
0.00 23453.77
22.20 -72.66 -72.88 -86.58 594.47 280.94 107.50 0.00
0.00 24757.01
17.10 -70.86 -71.26 -110.23 646.10 279.62 115.14 0.00
0.00 26295.76
12.30 -64.46 -65.67 -111.58 732.26 278.77 118.60 0.00
0.00 28277.67

STID = KLAN STNM = 725390 TIME = 140129/0300
SLAT = 42.77 SLON = -84.60 SELV = 249.00
STIM = 7

SHOW = 16.10 LIFT = 22.25 SWET = 98.87 KINX = -24.32
LCLP = 941.30 PWAT = 1.88 TOTL = 27.04 CAPE = 0.00
LCLT = 248.62 CINS = 0.00 EQLV = -9999.00 LFCT = -9999.00
BRCH = 0.00

PRES TMPC TMWC DWPC THTE DRCT SKNT OMEG
CFRL HGHT
991.00 -20.86 -21.25 -23.97 254.52 229.04 13.64 0.10
0.00 256.45
988.00 -20.96 -21.34 -24.00 254.64 230.27 17.94 0.10
0.00 278.84
982.60 -21.06 -21.41 -23.86 254.97 231.18 21.71 0.10
0.00 319.31
973.30 -20.76 -21.10 -23.39 256.04 236.64 27.93 0.10
0.00 389.55
959.50 -19.26 -19.52 -21.02 259.02 250.18 35.54 0.10
0.00 495.41
941.80 -19.06 -19.22 -20.06 260.82 263.40 37.18 0.10
0.00 633.91
920.70 -20.66 -20.70 -20.89 260.75 265.83 37.42 0.10
100.00 801.99
897.60 -22.06 -22.09 -22.24 261.01 270.60 36.93 0.20
0.00 989.36
872.60 -20.76 -21.48 -26.41 263.91 269.36 34.80 0.20
0.00 1197.60
844.60 -19.36 -20.72 -31.10 267.38 265.50 34.71 0.00
0.00 1439.28
813.60 -19.76 -21.12 -31.49 269.82 266.31 36.23 -0.10
0.00 1716.93
779.80 -20.96 -22.32 -33.57 271.67 270.92 36.16 -0.20
0.00 2030.97
742.90 -22.46 -23.76 -35.57 273.70 276.93 35.44 -0.20
0.00 2387.83
703.20 -24.36 -25.55 -37.39 275.82 282.42 33.44 -0.10
0.00 2789.38
660.40 -26.66 -27.70 -39.43 278.12 284.67 29.94 0.10
0.00 3244.65
614.80 -29.76 -30.63 -42.37 280.16 283.53 26.59 0.20
0.00 3757.71
566.70 -33.46 -34.10 -44.45 282.33 280.98 26.53 0.30
0.00 4333.77
520.00 -37.06 -37.51 -45.97 284.97 276.25 28.55 0.30
0.00 4932.70
478.00 -39.86 -40.26 -49.28 288.34 271.46 30.53 0.20
0.00 5511.31
440.50 -42.26 -42.61 -52.16 292.03 273.16 31.73 0.10
0.00 6066.40
406.70 -44.86 -45.15 -54.13 295.36 282.60 32.07 0.10
0.00 6602.97
376.10 -47.66 -47.89 -56.27 298.29 290.04 32.90 0.10
0.00 7122.50
348.60 -50.36 -50.57 -60.94 301.10 288.86 33.07 0.10
0.00 7620.71
323.90 -52.26 -52.46 -64.57 304.82 279.68 33.52 0.00
0.00 8097.95
301.60 -52.96 -53.15 -65.10 310.10 269.38 36.16 0.00
0.00 8558.47
281.60 -52.76 -52.95 -62.57 316.56 261.10 42.70 -0.10
0.00 9000.93
263.50 -52.26 -52.46 -60.87 323.40 257.69 50.14 -0.10
0.00 9430.02
246.80 -52.16 -52.38 -61.38 329.65 259.52 55.55 -0.10
0.00 9853.49
231.70 -52.06 -52.31 -61.86 335.79 260.91 59.06 -0.10
0.00 10262.01
217.80 -52.26 -52.52 -62.34 341.47 261.28 61.55 -0.10
0.00 10662.23
204.00 -52.26 -52.57 -64.99 347.86 260.21 66.28 -0.10
0.00 11085.49
190.20 -52.16 -52.52 -68.44 355.00 257.88 70.38 0.00
0.00 11538.51
176.30 -53.06 -53.44 -73.75 361.25 256.30 71.42 0.00
0.00 12028.44
162.50 -54.56 -54.90 -74.30 367.23 261.09 72.80 0.00
0.00 12551.79
148.60 -55.06 -55.41 -74.89 375.86 265.96 77.17 0.00
0.00 13123.31
134.80 -55.56 -55.95 -101.13 385.52 266.19 75.98 0.00
0.00 13744.83
121.00 -56.56 -56.94 -101.63 395.76 265.40 72.74 0.10
0.00 14431.16
107.10 -58.26 -58.59 -77.03 406.63 263.85 72.53 0.10
0.00 15201.80
93.30 -60.86 -61.13 -77.91 417.84 263.17 75.18 0.00
0.00 16064.28
80.40 -63.86 -64.10 -103.52 429.74 266.37 79.86 -0.10
0.00 16982.48
70.10 -65.76 -65.97 -104.14 442.83 270.52 85.14 -0.10
0.00 17818.55
61.70 -65.76 -66.00 -104.71 459.26 272.65 88.34 -0.10
0.00 18593.44
53.90 -65.76 -66.03 -105.32 477.32 273.56 87.64 0.00
0.00 19413.94
46.60 -66.26 -66.52 -82.22 496.44 276.07 86.40 0.00
0.00 20296.37
39.80 -67.56 -67.82 -83.16 516.04 279.90 87.02 0.00
0.00 21248.65
33.60 -69.56 -69.79 -84.17 536.32 282.57 90.22 0.00
0.00 22262.83
27.70 -71.56 -71.77 -85.30 561.14 281.87 97.33 0.00
0.00 23407.95
22.20 -71.26 -71.54 -86.58 598.62 281.25 108.61 0.00
0.00 24715.09
17.10 -67.06 -67.72 -110.23 658.24 280.17 114.54 0.00
0.00 26273.70
12.30 -62.86 -64.31 -111.58 737.87 277.97 116.39 0.00
0.00 28281.65

STID = KLAN STNM = 725390 TIME = 140129/0400
SLAT = 42.77 SLON = -84.60 SELV = 249.00
STIM = 8

SHOW = 16.99 LIFT = 22.46 SWET = 100.37 KINX = -25.16
LCLP = 945.34 PWAT = 1.97 TOTL = 26.49 CAPE = 0.00
LCLT = 249.81 CINS = 0.00 EQLV = -9999.00 LFCT = -9999.00
BRCH = 0.00

PRES TMPC TMWC DWPC THTE DRCT SKNT OMEG
CFRL HGHT
989.70 -20.06 -20.43 -22.84 255.58 233.30 13.33 0.00
0.00 256.48
986.80 -20.16 -20.52 -22.87 255.70 234.16 17.26 0.00
0.00 278.23
981.40 -20.36 -20.68 -22.75 255.92 235.41 20.54 0.10
0.00 318.86
972.00 -20.16 -20.44 -22.16 256.94 240.41 26.38 0.10
0.00 390.14
958.30 -18.66 -18.87 -20.00 259.91 255.88 33.47 0.10
0.00 495.62
940.60 -18.96 -19.07 -19.66 261.09 267.88 36.76 0.10
0.00 634.49
919.50 -20.56 -20.59 -20.76 260.98 268.81 37.33 0.20
100.00 802.86
896.50 -22.36 -22.39 -22.58 260.73 270.30 37.32 0.20
100.00 989.58
871.50 -21.26 -21.88 -26.21 263.51 270.94 35.58 0.20
0.00 1197.74
843.50 -19.76 -20.97 -29.94 267.17 268.43 35.58 0.20
0.00 1439.31
812.60 -19.86 -21.16 -30.90 269.87 269.37 35.57 0.00
0.00 1716.14
778.80 -20.76 -22.11 -32.90 272.05 274.20 34.50 -0.10
0.00 2030.65
742.00 -22.16 -23.51 -35.58 274.12 279.63 33.71 -0.20
0.00 2387.34
702.30 -23.96 -25.22 -37.86 276.34 283.12 32.53 -0.20
0.00 2789.95
659.60 -26.26 -27.36 -39.44 278.67 283.05 30.13 0.00
0.00 3245.46
614.00 -29.46 -30.30 -40.65 280.71 281.31 27.75 0.10
0.00 3759.90
565.90 -33.26 -33.81 -41.43 282.84 281.54 28.17 0.20
0.00 4337.35
519.40 -36.66 -37.10 -44.57 285.61 282.07 28.82 0.20
0.00 4935.25
477.40 -39.16 -39.55 -47.52 289.37 282.85 29.71 0.20
0.00 5515.93
439.90 -41.56 -41.93 -51.03 293.07 287.62 30.18 0.10
0.00 6073.43
406.20 -44.26 -44.58 -54.14 296.24 293.53 31.16 0.10
0.00 6610.62
375.60 -47.26 -47.53 -58.09 298.90 295.95 32.43 0.00
0.00 7131.96
348.20 -50.36 -50.59 -64.03 301.16 293.20 32.57 0.10
0.00 7629.41
323.50 -52.56 -52.75 -64.58 304.51 283.63 33.00 0.10
0.00 8106.90
301.20 -53.36 -53.54 -65.11 309.66 269.40 37.13 0.10
0.00 8567.27
281.20 -52.96 -53.15 -62.58 316.41 258.69 43.61 0.10
0.00 9009.74
263.20 -52.66 -52.87 -63.08 322.88 257.28 49.42 0.10
0.00 9436.43
246.50 -52.26 -52.50 -63.58 329.57 261.72 54.02 0.00
0.00 9859.92
231.40 -51.86 -52.16 -67.04 336.13 262.22 54.54 0.00
0.00 10269.04
217.60 -51.86 -52.19 -67.48 342.09 261.49 57.78 0.00
0.00 10667.36
203.80 -51.96 -52.30 -67.95 348.38 259.31 63.89 0.00
0.00 11091.68
189.90 -52.66 -53.03 -73.25 354.31 258.05 68.55 0.00
0.00 11548.36
176.10 -53.86 -54.20 -73.76 360.05 260.43 70.18 0.00
0.00 12033.99
162.30 -54.36 -54.71 -74.31 367.69 265.08 74.72 0.00
0.00 12557.24
148.50 -54.26 -54.65 -74.89 377.31 265.74 75.82 0.00
0.00 13126.49
134.60 -54.76 -55.19 -101.13 387.10 264.41 71.87 0.00
0.00 13755.49
120.80 -55.86 -56.25 -76.25 397.28 263.48 70.24 0.00
0.00 14445.27
107.00 -57.96 -58.30 -77.03 407.31 262.87 72.09 0.00
0.00 15213.14
93.20 -60.66 -60.94 -77.92 418.36 264.10 75.63 0.00
0.00 16077.49
80.30 -63.46 -63.71 -103.53 430.72 267.50 80.16 -0.10
0.00 16998.06
70.00 -64.96 -65.19 -104.15 444.72 270.66 84.76 -0.10
0.00 17837.67
61.70 -64.96 -65.22 -104.71 461.04 271.93 86.55 -0.10
0.00 18606.84
53.90 -65.46 -65.71 -81.33 478.09 272.90 84.47 0.00
0.00 19429.52
46.60 -66.56 -66.81 -82.22 495.72 274.88 82.33 0.00
0.00 20311.95
39.80 -68.06 -68.30 -83.16 514.78 276.39 82.15 0.00
0.00 21262.39
33.50 -70.16 -70.37 -84.19 535.20 277.71 86.90 0.00
0.00 22291.64
27.60 -72.46 -72.64 -85.32 559.21 279.39 96.54 0.00
0.00 23436.28
22.20 -72.56 -72.79 -86.58 594.77 282.21 106.60 0.00
0.00 24715.05
17.10 -68.36 -68.90 -88.06 654.18 283.37 110.09 0.00
0.00 26263.74
12.30 -63.76 -65.07 -111.58 734.71 280.90 111.05 0.00
0.00 28261.08

STID = KLAN STNM = 725390 TIME = 140129/0500
SLAT = 42.77 SLON = -84.60 SELV = 249.00
STIM = 9

SHOW = 17.41 LIFT = 22.40 SWET = 106.81 KINX = -26.65
LCLP = 948.59 PWAT = 2.11 TOTL = 25.84 CAPE = 0.00
LCLT = 251.06 CINS = 0.00 EQLV = -9999.00 LFCT = -9999.00
BRCH = 0.00

PRES TMPC TMWC DWPC THTE DRCT SKNT OMEG
CFRL HGHT
988.10 -19.16 -19.51 -21.64 256.80 235.58 12.72 0.00
0.00 256.52
985.20 -19.26 -19.60 -21.67 256.91 236.86 16.71 0.00
0.00 278.38
979.80 -19.46 -19.78 -21.73 257.11 238.65 19.80 0.10
0.00 319.23
970.50 -19.26 -19.54 -21.20 258.12 244.22 25.47 0.10
0.00 390.11
956.70 -18.26 -18.48 -19.60 260.52 259.03 31.68 0.20
0.00 496.81
939.10 -19.06 -19.14 -19.55 261.14 267.80 35.40 0.30
0.00 635.21
918.00 -20.66 -20.68 -20.78 261.00 268.77 36.36 0.40
100.00 803.78
895.00 -22.36 -22.39 -22.60 260.86 269.70 36.93 0.50
100.00 990.77
870.00 -21.26 -21.91 -26.44 263.61 269.10 37.33 0.60
0.00 1199.29
842.10 -19.86 -21.06 -29.96 267.19 269.10 37.33 0.50
0.00 1440.35
811.30 -19.56 -20.98 -31.83 270.23 271.24 35.97 0.40
0.00 1716.85
777.50 -20.16 -21.71 -34.71 272.67 275.55 34.18 0.10
0.00 2032.42
740.80 -21.36 -22.92 -37.33 275.00 279.74 33.33 -0.10
0.00 2389.71
701.10 -23.26 -24.65 -38.35 277.22 280.70 32.44 -0.10
0.00 2794.19
658.50 -25.76 -26.83 -37.59 279.49 279.99 31.38 -0.10
0.00 3250.50
613.00 -29.06 -29.71 -36.35 281.62 279.76 30.97 0.00
0.00 3765.63
565.00 -32.86 -33.23 -37.52 283.73 282.41 31.65 0.10
0.00 4343.80
518.50 -36.36 -36.65 -40.79 286.34 286.77 31.67 0.30
0.00 4943.60
476.70 -38.96 -39.25 -44.13 289.91 291.86 32.88 0.30
0.00 5523.08
439.20 -41.46 -41.76 -48.26 293.43 297.41 35.47 0.10
0.00 6081.80
405.50 -44.36 -44.67 -54.15 296.26 297.36 37.64 0.00
0.00 6619.89
375.00 -47.46 -47.72 -58.10 298.77 294.88 38.35 -0.20
0.00 7140.05
347.60 -50.26 -50.50 -64.04 301.44 290.27 36.47 -0.20
0.00 7638.22
323.00 -52.36 -52.56 -64.59 304.92 281.87 34.96 -0.20
0.00 8114.87
300.70 -53.36 -53.54 -65.12 309.80 270.29 38.10 -0.10
0.00 8576.20
280.80 -53.26 -53.46 -65.63 316.06 262.66 44.10 0.00
0.00 9016.83
262.80 -52.56 -52.80 -66.11 323.12 263.13 48.75 0.00
0.00 9443.95
246.10 -51.66 -51.95 -66.59 330.58 262.30 50.80 0.00
0.00 9868.77
231.00 -51.06 -51.42 -71.93 337.47 261.35 54.27 -0.10
0.00 10279.88
217.20 -51.16 -51.54 -72.35 343.30 259.10 58.59 -0.10
0.00 10680.26
203.40 -51.96 -52.33 -72.79 348.53 256.35 62.61 -0.10
0.00 11106.06
189.60 -53.26 -53.60 -73.27 353.50 256.83 65.68 0.00
0.00 11559.64
175.80 -53.86 -54.20 -73.77 360.22 261.53 69.96 0.00
0.00 12045.40
162.00 -53.56 -53.95 -74.32 369.23 264.66 75.16 0.10
0.00 12570.54
148.20 -53.16 -53.60 -74.91 379.42 264.75 74.37 0.10
0.00 13143.37
134.40 -53.56 -54.02 -75.55 389.45 264.38 71.49 0.10
0.00 13772.23
120.60 -55.06 -55.49 -76.26 398.94 264.55 71.66 0.10
0.00 14466.28
106.80 -57.46 -57.82 -77.04 408.47 265.47 73.90 0.00
0.00 15237.82
93.00 -60.26 -60.55 -77.93 419.41 266.80 76.71 0.00
0.00 16105.72
80.20 -63.26 -63.51 -103.53 431.28 270.70 79.51 0.00
0.00 17022.02
69.90 -65.06 -65.29 -104.15 444.69 273.10 82.73 0.00
0.00 17862.95
61.60 -65.36 -65.61 -104.72 460.36 271.90 82.27 0.00
0.00 18632.36
53.80 -65.66 -65.91 -81.34 477.88 271.12 79.52 0.00
0.00 19455.29
46.50 -66.46 -66.72 -82.23 496.27 271.29 77.97 0.00
0.00 20339.27
39.80 -68.16 -68.40 -83.16 514.53 272.70 78.42 0.00
0.00 21276.76
33.50 -70.66 -70.86 -84.19 533.88 274.98 82.92 0.00
0.00 22304.50
27.60 -73.16 -73.32 -85.32 557.26 277.72 91.21 0.00
0.00 23445.75
22.10 -72.56 -72.79 -86.60 595.54 281.44 97.97 0.00
0.00 24748.75
17.00 -68.06 -68.62 -88.09 656.24 283.30 99.67 0.00
0.00 26306.60
12.30 -64.06 -65.32 -111.58 733.66 281.52 102.17 0.00
0.00 28268.39

STID = KLAN STNM = 725390 TIME = 140129/0600
SLAT = 42.77 SLON = -84.60 SELV = 249.00
STIM = 10

SHOW = 17.96 LIFT = 22.47 SWET = 111.80 KINX = -25.12
LCLP = 949.82 PWAT = 2.27 TOTL = 24.61 CAPE = 0.00
LCLT = 252.02 CINS = 0.00 EQLV = -9999.00 LFCT = -9999.00
BRCH = 0.00

PRES TMPC TMWC DWPC THTE DRCT SKNT OMEG
CFRL HGHT
988.30 -18.26 -18.63 -20.68 257.85 236.56 12.35 0.00
0.00 255.79
985.30 -18.36 -18.72 -20.71 257.97 237.26 16.18 0.00
0.00 278.48
979.90 -18.56 -18.89 -20.78 258.18 239.24 19.00 0.00
0.00 319.47
970.60 -18.56 -18.85 -20.43 258.96 245.48 24.36 0.00
0.00 390.57
956.90 -18.06 -18.29 -19.46 260.74 258.84 30.12 0.10
0.00 496.67
939.30 -18.96 -19.05 -19.54 261.22 267.40 34.25 0.10
0.00 635.12
918.20 -20.56 -20.59 -20.78 261.08 268.75 35.58 0.20
100.00 803.73
895.20 -22.36 -22.39 -22.59 260.84 269.38 36.16 0.20
100.00 990.71
870.20 -21.36 -22.04 -26.87 263.44 270.28 39.27 0.30
0.00 1199.14
842.30 -20.16 -21.33 -30.24 266.83 270.56 39.66 0.20
0.00 1439.96
811.40 -19.66 -21.13 -32.82 270.02 271.80 37.14 0.00
0.00 1717.07
777.60 -19.86 -21.52 -35.95 272.90 273.97 33.71 -0.30
0.00 2032.72
740.90 -20.86 -22.49 -37.33 275.53 275.29 31.62 -0.50
0.00 2390.53
701.20 -22.66 -23.98 -35.37 278.09 274.73 30.62 -0.60
0.00 2795.86
658.60 -25.26 -26.11 -33.08 280.45 274.76 30.43 -0.50
0.00 3253.14
613.10 -28.56 -29.05 -33.26 282.49 277.40 30.19 -0.40
0.00 3769.27
565.10 -32.26 -32.65 -36.81 284.49 283.05 30.13 -0.20
0.00 4348.67
518.60 -35.86 -36.14 -39.92 287.00 289.89 31.42 0.00
0.00 4949.75
476.70 -38.86 -39.08 -42.53 290.13 296.42 34.51 0.10
0.00 5531.31
439.30 -41.76 -42.00 -46.77 293.10 300.57 38.60 0.20
0.00 6088.25
405.60 -44.96 -45.22 -52.86 295.50 298.67 42.54 0.20
0.00 6625.16
375.10 -48.26 -48.49 -58.10 297.68 294.65 44.27 0.10
0.00 7143.59
347.70 -50.86 -51.05 -60.96 300.65 288.27 41.55 0.10
0.00 7640.06
323.00 -52.46 -52.65 -64.59 304.79 278.70 38.54 0.00
0.00 8117.83
300.80 -53.46 -53.64 -65.12 309.63 271.42 39.08 -0.10
0.00 8576.81
280.80 -53.56 -53.75 -65.63 315.63 269.74 42.18 0.00
0.00 9019.18
262.80 -52.56 -52.80 -66.11 323.12 268.04 45.51 0.00
0.00 9446.00
246.10 -51.46 -51.78 -71.49 330.83 264.71 50.56 0.10
0.00 9871.02
231.10 -50.96 -51.33 -71.92 337.58 261.59 55.80 0.10
0.00 10279.59
217.30 -51.46 -51.83 -72.34 342.79 259.24 59.36 0.10
0.00 10679.61
203.50 -52.26 -52.62 -72.79 348.01 257.57 62.30 0.10
0.00 11104.63
189.70 -53.16 -53.51 -73.26 353.61 258.92 65.76 0.10
0.00 11557.77
175.90 -53.36 -53.72 -73.77 360.99 262.37 71.78 0.10
0.00 12043.93
162.10 -53.16 -53.56 -74.31 369.84 264.59 76.34 0.10
0.00 12569.84
148.30 -53.26 -53.70 -74.90 379.18 266.31 75.58 0.20
0.00 13142.69
134.50 -53.86 -54.31 -75.55 388.83 268.96 74.85 0.10
0.00 13770.54
120.70 -55.26 -55.68 -76.25 398.48 271.30 76.99 0.00
0.00 14463.24
106.90 -57.56 -57.92 -77.04 408.17 270.72 76.98 -0.10
0.00 15233.57
93.00 -60.96 -61.23 -77.93 418.03 270.15 75.81 -0.10
0.00 16105.72
80.20 -64.06 -64.29 -103.53 429.64 272.68 79.00 -0.10
0.00 17018.76
69.90 -65.66 -65.87 -104.15 443.41 272.94 83.50 -0.10
0.00 17856.87
61.60 -65.86 -66.10 -104.72 459.25 271.45 84.58 0.00
0.00 18624.25
53.80 -66.26 -66.49 -81.34 476.50 271.33 83.99 0.00
0.00 19445.00
46.50 -67.16 -67.39 -82.23 494.59 271.48 83.03 0.00
0.00 20326.21
39.80 -69.06 -69.27 -83.16 512.27 272.41 83.27 0.00
0.00 21260.05
33.50 -71.76 -71.93 -84.19 530.98 274.48 87.15 0.00
0.00 22282.75
27.60 -74.06 -74.20 -85.32 554.76 277.38 92.32 0.00
0.00 23418.32
22.10 -72.86 -73.08 -86.60 594.65 280.94 95.23 0.00
0.00 24717.42
17.00 -67.66 -68.25 -88.09 657.52 284.09 97.40 0.00
0.00 26275.66
12.30 -64.26 -65.49 -111.58 732.96 286.36 102.10 0.00
0.00 28238.39

STID = KLAN STNM = 725390 TIME = 140129/0700
SLAT = 42.77 SLON = -84.60 SELV = 249.00
STIM = 11

SHOW = 19.10 LIFT = 22.98 SWET = 114.59 KINX = -24.15
LCLP = 952.53 PWAT = 2.45 TOTL = 22.16 CAPE = 0.00
LCLT = 252.80 CINS = 0.00 EQLV = -9999.00 LFCT = -9999.00
BRCH = 0.00

PRES TMPC TMWC DWPC THTE DRCT SKNT OMEG
CFRL HGHT
988.60 -17.66 -18.02 -19.93 258.57 233.70 11.82 0.00
0.00 256.56
985.60 -17.76 -18.11 -19.96 258.69 235.30 15.37 0.00
0.00 279.30
980.30 -17.96 -18.28 -20.02 258.89 237.34 18.01 0.00
0.00 319.61
970.90 -18.26 -18.51 -19.85 259.35 242.99 22.25 0.00
0.00 391.58
957.20 -18.06 -18.27 -19.32 260.74 256.26 27.01 0.00
0.00 497.71
939.60 -18.96 -19.03 -19.41 261.23 266.12 31.56 0.00
0.00 636.12
918.50 -20.56 -20.57 -20.63 261.09 268.68 33.64 0.10
100.00 804.67
895.50 -22.26 -22.29 -22.43 260.95 269.03 34.41 0.30
100.00 991.63
870.50 -21.66 -22.36 -27.56 263.01 272.78 40.09 0.40
0.00 1199.90
842.50 -20.76 -21.88 -30.82 266.12 273.30 40.50 0.50
0.00 1441.08
811.70 -19.86 -21.32 -33.16 269.75 272.95 37.76 0.40
0.00 1716.78
777.90 -19.66 -21.35 -35.94 273.08 272.62 34.05 0.20
0.00 2032.31
741.20 -20.56 -22.16 -35.59 275.95 272.43 32.10 0.00
0.00 2390.33
701.50 -22.46 -23.62 -32.43 278.55 272.08 32.09 -0.20
0.00 2795.91
658.90 -25.06 -25.70 -30.30 280.97 273.81 32.14 -0.30
0.00 3253.38
613.30 -28.36 -28.76 -31.98 282.85 277.04 31.73 -0.20
0.00 3770.89
565.30 -31.96 -32.28 -35.52 284.94 284.21 31.68 0.00
0.00 4350.71
518.70 -35.16 -35.43 -38.73 287.92 293.51 32.64 0.30
0.00 4954.19
476.90 -38.26 -38.50 -42.05 290.88 298.54 35.40 0.50
0.00 5535.78
439.40 -41.86 -42.09 -46.77 292.96 299.50 39.08 0.80
0.00 6094.63
405.70 -45.76 -45.96 -51.72 294.48 298.63 43.41 0.90
0.00 6630.37
375.20 -49.46 -49.63 -56.29 296.11 296.03 46.51 0.90
0.00 7146.38
347.80 -52.36 -52.51 -60.95 298.59 291.14 46.89 0.70
0.00 7639.72
323.10 -53.36 -53.53 -64.59 303.52 282.76 46.64 0.30
0.00 8114.76
300.90 -52.66 -52.86 -65.12 310.73 276.26 48.10 -0.10
0.00 8573.48
280.90 -51.76 -52.01 -65.62 318.19 273.31 47.12 -0.30
0.00 9018.32
262.90 -51.46 -51.74 -66.11 324.70 270.48 46.26 -0.30
0.00 9447.80
246.20 -51.66 -51.95 -66.59 330.54 267.48 48.64 -0.20
0.00 9873.51
231.10 -51.76 -52.09 -71.92 336.37 264.60 53.69 -0.10
0.00 10283.80
217.30 -51.96 -52.31 -72.34 342.02 262.87 57.98 0.00
0.00 10682.64
203.50 -52.16 -52.52 -72.79 348.17 262.54 61.36 0.00
0.00 11107.29
189.70 -52.06 -52.45 -73.26 355.38 262.87 65.82 0.00
0.00 11561.66
175.90 -52.26 -52.67 -73.77 362.79 263.23 70.86 0.10
0.00 12050.25
162.10 -53.06 -53.47 -74.31 370.01 264.23 73.46 0.10
0.00 12577.59
148.30 -54.26 -54.65 -74.90 377.46 267.86 72.94 0.10
0.00 13149.27
134.50 -55.36 -55.73 -75.55 386.17 271.81 73.90 0.10
0.00 13773.54
120.70 -56.46 -56.82 -76.25 396.28 271.78 75.07 0.10
0.00 14461.97
106.90 -58.56 -58.88 -77.04 406.28 268.79 73.49 0.00
0.00 15228.39
93.10 -61.66 -61.90 -77.92 416.52 268.64 73.89 -0.10
0.00 16090.37
80.20 -64.46 -64.65 -78.87 428.88 270.42 78.92 -0.20
0.00 17007.64
70.00 -66.26 -66.46 -104.15 441.95 270.40 83.39 -0.20
0.00 17835.05
61.60 -66.76 -66.97 -104.72 457.26 270.00 85.53 -0.20
0.00 18608.30
53.80 -67.06 -67.26 -81.34 474.65 270.51 87.67 -0.10
0.00 19425.67
46.50 -67.66 -67.88 -82.23 493.39 271.13 88.65 0.00
0.00 20304.11
39.80 -69.26 -69.46 -83.16 511.77 272.89 88.75 0.00
0.00 21236.37
33.50 -71.56 -71.73 -84.19 531.51 276.19 90.13 0.00
0.00 22259.06
27.60 -73.06 -73.23 -85.32 557.54 279.99 92.96 0.00
0.00 23398.04
22.10 -71.66 -71.92 -86.60 598.21 282.57 95.59 0.00
0.00 24704.29
17.00 -68.06 -68.64 -110.25 656.14 282.64 98.61 0.00
0.00 26265.59
12.30 -65.26 -66.36 -111.58 729.45 285.22 105.15 0.00
0.00 28221.69

STID = KLAN STNM = 725390 TIME = 140129/0800
SLAT = 42.77 SLON = -84.60 SELV = 249.00
STIM = 12

SHOW = 18.95 LIFT = 23.27 SWET = 118.62 KINX = -23.58
LCLP = 952.85 PWAT = 2.57 TOTL = 20.70 CAPE = 0.00
LCLT = 253.23 CINS = 0.00 EQLV = -9999.00 LFCT = -9999.00
BRCH = 0.00

PRES TMPC TMWC DWPC THTE DRCT SKNT OMEG
CFRL HGHT
987.10 -17.36 -17.71 -19.52 259.06 233.50 12.09 0.00
0.00 255.83
984.10 -17.46 -17.80 -19.55 259.19 234.54 15.75 0.00
0.00 278.63
978.70 -17.76 -18.06 -19.62 259.29 236.31 18.22 0.00
0.00 319.81
969.40 -18.26 -18.47 -19.59 259.51 240.90 21.58 -0.10
0.00 391.15
955.70 -18.26 -18.42 -19.21 260.68 253.88 25.90 -0.20
0.00 497.40
938.10 -18.86 -18.93 -19.29 261.48 266.02 30.79 -0.20
0.00 636.00
917.10 -20.46 -20.49 -20.65 261.30 270.33 34.02 -0.10
100.00 804.08
894.10 -22.26 -22.29 -22.45 261.06 270.64 34.60 0.00
100.00 991.37
869.10 -20.86 -21.89 -30.20 263.69 275.95 41.24 0.20
0.00 1200.30
841.30 -19.86 -21.19 -31.77 267.09 275.41 41.20 0.30
0.00 1440.92
810.40 -19.06 -20.71 -34.29 270.64 272.92 38.15 0.30
0.00 1718.86
776.70 -19.06 -20.84 -35.53 273.88 271.26 35.39 0.20
0.00 2034.82
740.00 -20.16 -21.72 -33.76 276.67 272.57 34.63 0.00
0.00 2394.12
700.40 -21.86 -22.93 -30.11 279.62 274.74 35.30 -0.20
0.00 2800.14
657.80 -24.46 -25.04 -28.84 282.00 275.93 35.76 -0.10
0.00 3259.48
612.40 -27.86 -28.21 -30.85 283.70 279.25 35.06 0.10
0.00 3776.70
564.40 -31.16 -31.45 -34.11 286.17 284.66 34.56 0.40
0.00 4358.98
518.00 -34.56 -34.81 -37.67 288.86 290.33 35.24 0.60
0.00 4962.53
476.10 -38.16 -38.38 -41.60 291.17 294.44 37.58 0.70
0.00 5547.27
438.70 -42.06 -42.26 -46.11 292.87 295.59 40.95 0.70
0.00 6105.43
405.10 -46.26 -46.42 -50.72 293.99 294.44 44.63 0.60
0.00 6639.58
374.60 -49.96 -50.11 -56.31 295.58 292.10 48.04 0.50
0.00 7155.25
347.30 -52.56 -52.71 -60.96 298.44 288.51 49.60 0.30
0.00 7646.76
322.60 -53.46 -53.63 -64.60 303.51 283.61 51.20 0.20
0.00 8122.18
300.40 -52.66 -52.86 -65.13 310.88 280.21 51.55 0.00
0.00 8581.54
280.50 -51.46 -51.72 -65.63 318.75 276.19 48.68 -0.10
0.00 9025.14
262.50 -51.06 -51.35 -66.12 325.42 271.41 47.25 -0.20
0.00 9455.93
245.90 -51.46 -51.78 -71.50 330.91 270.23 48.98 -0.30
0.00 9880.25
230.80 -51.96 -52.29 -71.93 336.19 271.50 52.11 -0.20
0.00 10291.04
217.00 -52.66 -52.98 -72.35 341.07 272.43 55.06 -0.20
0.00 10689.62
203.20 -53.06 -53.39 -72.80 346.90 272.31 57.78 -0.10
0.00 11113.33
189.40 -53.06 -53.41 -73.27 353.93 270.00 61.23 0.00
0.00 11566.44
175.70 -53.06 -53.44 -73.78 361.60 266.70 64.25 0.00
0.00 12050.17
161.90 -53.76 -54.14 -74.32 368.96 265.64 66.48 0.10
0.00 12576.34
148.10 -54.86 -55.22 -74.91 376.57 268.40 69.81 0.10
0.00 13147.07
134.30 -55.86 -56.21 -75.56 385.45 270.76 73.68 0.10
0.00 13770.65
120.50 -57.26 -57.59 -76.26 395.00 269.70 75.42 0.10
0.00 14458.10
106.70 -59.56 -59.84 -77.05 404.60 266.90 75.53 0.10
0.00 15222.66
92.90 -62.26 -62.49 -77.94 415.59 266.70 77.69 -0.10
0.00 16083.13
80.10 -64.56 -64.75 -78.87 428.83 267.04 82.72 -0.10
0.00 16993.33
69.90 -66.26 -66.46 -104.15 442.13 266.89 86.04 -0.20
0.00 17821.65
61.50 -66.96 -67.16 -104.73 457.03 267.85 88.12 -0.10
0.00 18595.71
53.70 -67.66 -67.85 -81.35 473.52 269.01 90.21 -0.10
0.00 19412.92
46.50 -68.86 -69.04 -82.23 490.50 270.74 90.20 0.00
0.00 20276.36
39.70 -70.76 -70.92 -83.18 508.37 274.13 89.06 0.10
0.00 21217.43
33.50 -72.46 -72.61 -84.19 529.13 278.62 89.45 0.10
0.00 22219.23
27.60 -72.66 -72.84 -85.32 558.66 283.66 93.02 0.10
0.00 23356.79
22.10 -70.76 -71.06 -86.60 600.88 286.25 95.16 0.00
0.00 24667.27
17.00 -67.86 -68.46 -110.25 656.78 283.78 93.06 0.00
0.00 26232.80
12.30 -65.56 -66.62 -111.58 728.40 281.17 94.31 0.00
0.00 28188.43

STID = KLAN STNM = 725390 TIME = 140129/0900
SLAT = 42.77 SLON = -84.60 SELV = 249.00
STIM = 13

SHOW = 18.66 LIFT = 23.71 SWET = 122.70 KINX = -22.59
LCLP = 953.08 PWAT = 2.69 TOTL = 20.16 CAPE = 0.00
LCLT = 253.23 CINS = 0.00 EQLV = -9999.00 LFCT = -9999.00
BRCH = 0.00

PRES TMPC TMWC DWPC THTE DRCT SKNT OMEG
CFRL HGHT
987.30 -17.36 -17.71 -19.51 259.05 235.58 12.72 0.00
0.00 255.83
984.30 -17.46 -17.80 -19.55 259.17 236.50 16.55 0.00
0.00 278.62
978.90 -17.76 -18.06 -19.61 259.27 238.24 19.20 0.00
0.00 319.79
969.60 -18.26 -18.47 -19.58 259.50 241.87 22.26 -0.20
0.00 391.12
955.90 -18.46 -18.58 -19.21 260.46 254.63 26.41 -0.30
0.00 497.31
938.30 -18.96 -18.99 -19.16 261.38 266.74 30.76 -0.30
0.00 635.80
917.30 -20.36 -20.38 -20.50 261.42 270.67 33.24 -0.10
100.00 803.85
894.20 -21.36 -21.78 -24.53 261.67 276.46 39.71 0.10
100.00 992.29
869.30 -19.76 -21.02 -31.11 264.74 277.68 42.17 0.30
0.00 1201.16
841.40 -18.96 -20.45 -32.10 268.00 275.15 41.18 0.40
0.00 1443.55
810.60 -18.66 -20.36 -33.91 271.07 273.09 39.71 0.40
0.00 1721.25
776.90 -18.86 -20.61 -34.34 274.17 273.68 39.35 0.20
0.00 2037.51
740.20 -19.56 -21.12 -32.17 277.46 276.19 39.69 0.00
0.00 2397.29
700.50 -21.36 -22.36 -28.57 280.37 275.88 39.86 0.00
0.00 2805.16
658.00 -24.26 -24.74 -27.70 282.38 275.35 39.63 0.10
0.00 3263.98
612.50 -27.46 -27.71 -29.40 284.36 278.90 38.96 0.20
0.00 3782.86
564.50 -30.56 -30.78 -32.60 287.05 285.00 39.04 0.30
0.00 4366.26
518.10 -34.06 -34.27 -36.39 289.58 288.17 39.28 0.30
0.00 4971.10
476.20 -37.66 -37.90 -41.16 291.81 288.52 40.38 0.30
0.00 5556.96
438.80 -41.76 -42.00 -46.78 293.20 289.69 45.01 0.40
0.00 6115.96
405.20 -45.96 -46.15 -51.73 294.32 291.84 49.63 0.40
0.00 6650.68
374.70 -49.66 -49.82 -56.31 295.96 292.21 50.39 0.50
0.00 7166.90
347.30 -51.86 -52.03 -60.96 299.39 288.36 48.74 0.50
0.00 7661.26
322.70 -52.26 -52.46 -64.60 305.14 283.76 49.03 0.40
0.00 8136.73
300.50 -51.36 -51.63 -70.11 312.64 285.26 48.76 0.30
0.00 8598.54
280.50 -50.66 -50.97 -70.59 319.85 288.73 47.21 0.10
0.00 9046.41
262.60 -50.86 -51.19 -71.04 325.64 289.90 45.69 -0.10
0.00 9475.69
245.90 -51.86 -52.17 -71.50 330.31 288.68 43.09 -0.30
0.00 9902.29
230.80 -52.86 -53.15 -71.93 334.82 287.51 41.99 -0.40
0.00 10311.88
217.10 -53.66 -53.94 -72.35 339.48 284.54 42.57 -0.30
0.00 10705.77
203.30 -54.06 -54.35 -72.79 345.27 278.10 45.55 -0.20
0.00 11127.36
189.50 -54.06 -54.37 -73.27 352.27 270.00 51.12 0.00
0.00 11578.18
175.70 -54.26 -54.59 -73.78 359.63 265.04 56.19 0.10
0.00 12062.88
161.90 -54.96 -55.29 -74.32 366.94 266.90 61.12 0.10
0.00 12586.17
148.10 -55.46 -55.80 -74.91 375.53 269.35 68.43 0.10
0.00 13154.55
134.30 -56.26 -56.60 -75.56 384.74 269.70 73.87 0.10
0.00 13776.70
120.50 -57.76 -58.07 -76.26 394.09 268.27 77.40 0.00
0.00 14462.72
106.70 -60.16 -60.42 -77.05 403.46 267.92 80.33 0.00
0.00 15225.33
93.00 -62.46 -62.68 -77.93 415.07 270.67 83.20 -0.10
0.00 16077.51
80.20 -64.76 -64.95 -78.87 428.26 271.18 85.16 -0.10
0.00 16985.79
69.90 -66.36 -66.56 -104.15 441.91 270.13 85.72 -0.10
0.00 17821.08
61.50 -67.06 -67.26 -104.73 456.81 269.62 87.47 -0.10
0.00 18594.77
53.80 -68.06 -68.26 -105.32 472.28 270.25 89.03 0.00
0.00 19399.79
46.50 -69.46 -69.63 -82.23 489.06 272.01 88.50 0.10
0.00 20272.25
39.70 -71.16 -71.31 -83.18 507.37 275.19 88.03 0.10
0.00 21211.01
33.50 -72.46 -72.61 -84.19 529.13 280.55 89.17 0.10
0.00 22211.82
27.60 -72.66 -72.84 -85.32 558.66 286.90 91.62 0.00
0.00 23349.37
22.10 -70.76 -71.06 -86.60 600.88 287.33 89.39 0.00
0.00 24659.86
17.00 -66.26 -66.99 -110.25 661.90 282.15 85.90 0.00
0.00 26231.53
12.30 -64.26 -65.49 -111.58 732.96 279.15 88.01 0.00
0.00 28200.89

STID = KLAN STNM = 725390 TIME = 140129/1000
SLAT = 42.77 SLON = -84.60 SELV = 249.00
STIM = 14

SHOW = 18.42 LIFT = 24.05 SWET = 127.79 KINX = -18.76
LCLP = 952.77 PWAT = 2.90 TOTL = 21.51 CAPE = 0.00
LCLT = 253.09 CINS = 0.00 EQLV = -9999.00 LFCT = -9999.00
BRCH = 0.00

PRES TMPC TMWC DWPC THTE DRCT SKNT OMEG
CFRL HGHT
987.60 -17.46 -17.81 -19.65 258.90 235.62 13.42 0.00
0.00 256.58
984.70 -17.66 -17.98 -19.69 258.91 236.84 17.41 0.00
0.00 278.59
979.30 -18.06 -18.33 -19.75 258.91 238.75 20.24 0.00
0.00 319.70
970.00 -18.56 -18.76 -19.86 259.11 241.93 23.13 -0.10
0.00 390.92
956.30 -18.56 -18.62 -18.94 260.38 255.30 28.34 -0.20
0.00 496.98
938.60 -19.06 -19.08 -19.16 261.26 267.04 33.87 -0.10
100.00 636.15
917.60 -20.66 -20.68 -20.79 261.03 269.05 35.19 0.10
100.00 804.01
894.60 -20.16 -20.90 -25.92 262.69 276.85 40.72 0.30
0.00 991.89
869.60 -19.26 -20.51 -29.90 265.35 277.83 41.40 0.40
0.00 1202.23
841.70 -18.46 -19.93 -30.53 268.65 277.98 42.00 0.40
0.00 1445.02
810.90 -17.96 -19.65 -31.83 271.97 278.02 41.81 0.30
0.00 1723.28
777.10 -18.26 -19.84 -30.26 275.18 278.05 41.62 0.10
0.00 2041.20
740.40 -19.46 -20.66 -27.77 278.08 277.94 42.20 0.00
0.00 2401.42
700.80 -21.46 -22.21 -26.49 280.55 277.58 42.75 -0.10
0.00 2808.16
658.20 -23.96 -24.40 -27.00 282.81 280.59 42.32 -0.20
0.00 3268.09
612.70 -26.86 -27.19 -29.40 285.03 285.58 41.97 -0.20
0.00 3787.76
564.70 -30.16 -30.45 -32.83 287.46 288.68 43.09 -0.20
0.00 4372.16
518.20 -33.66 -33.93 -36.69 290.01 288.68 43.70 -0.10
0.00 4979.13
476.40 -37.46 -37.69 -40.73 292.05 287.96 44.75 0.10
0.00 5564.16
439.00 -41.56 -41.76 -45.48 293.48 288.73 47.21 0.30
0.00 6123.39
405.30 -45.66 -45.84 -50.72 294.72 290.71 49.46 0.50
0.00 6660.11
374.80 -48.36 -48.56 -56.30 297.66 292.58 47.58 0.60
0.00 7178.03
347.40 -49.36 -49.63 -64.05 302.71 294.04 43.42 0.60
0.00 7676.47
322.80 -50.06 -50.35 -69.61 308.11 298.35 44.62 0.50
0.00 8156.85
300.60 -50.76 -51.05 -70.11 313.46 305.46 48.92 0.30
0.00 8621.43
280.60 -51.56 -51.84 -70.59 318.53 307.37 48.67 0.20
0.00 9068.84
262.70 -51.26 -51.57 -71.04 325.02 303.69 45.56 0.00
0.00 9496.71
246.00 -51.26 -51.59 -71.49 331.17 299.78 41.88 -0.20
0.00 9923.33
230.90 -51.96 -52.29 -71.93 336.14 292.78 38.16 -0.30
0.00 10334.14
217.10 -53.36 -53.65 -72.35 339.94 284.68 37.58 -0.30
0.00 10731.90
203.30 -54.26 -54.54 -72.79 344.96 276.25 41.06 -0.20
0.00 11153.59
189.50 -54.56 -54.85 -73.27 351.47 266.61 45.95 0.00
0.00 11603.69
175.70 -55.36 -55.65 -73.78 357.82 262.06 50.64 0.10
0.00 12086.62
162.00 -56.26 -56.54 -74.32 364.69 266.69 57.24 0.10
0.00 12603.11
148.20 -56.76 -57.05 -74.91 373.22 269.83 65.31 0.10
0.00 13167.74
134.40 -57.56 -57.85 -75.55 382.36 271.39 72.14 0.00
0.00 13785.73
120.60 -58.86 -59.13 -76.26 391.98 271.71 78.37 0.00
0.00 14467.40
106.80 -60.66 -60.90 -77.04 402.41 271.88 82.85 -0.10
0.00 15226.49
93.00 -62.66 -62.87 -77.93 414.68 273.97 84.17 -0.10
0.00 16083.06
80.20 -64.76 -64.95 -78.87 428.26 274.37 84.22 0.00
0.00 16990.90
69.90 -65.96 -66.17 -104.15 442.77 274.28 85.96 0.00
0.00 17827.01
61.50 -66.16 -66.39 -104.73 458.80 274.30 88.11 0.00
0.00 18603.13
53.80 -66.86 -67.07 -81.34 475.12 274.19 87.71 0.10
0.00 19412.26
46.50 -68.26 -68.46 -82.23 491.94 274.69 85.62 0.10
0.00 20289.84
39.70 -69.96 -70.14 -83.18 510.38 277.61 85.11 0.10
0.00 21234.16
33.50 -71.56 -71.73 -84.19 531.51 283.28 85.48 0.10
0.00 22240.19
27.60 -72.56 -72.74 -85.32 558.94 286.76 84.25 0.00
0.00 23380.58
22.10 -71.26 -71.54 -86.60 599.40 284.14 81.98 0.00
0.00 24689.76
17.00 -66.76 -67.45 -110.25 660.30 281.55 83.52 -0.10
0.00 26257.59
12.30 -64.36 -65.58 -111.58 732.61 288.20 88.39 0.00
0.00 28224.11

STID = KLAN STNM = 725390 TIME = 140129/1100
SLAT = 42.77 SLON = -84.60 SELV = 249.00
STIM = 15

SHOW = 18.26 LIFT = 24.10 SWET = 128.45 KINX = -14.12
LCLP = 950.65 PWAT = 3.37 TOTL = 25.16 CAPE = 0.00
LCLT = 252.49 CINS = 0.00 EQLV = -9999.00 LFCT = -9999.00
BRCH = 0.00

PRES TMPC TMWC DWPC THTE DRCT SKNT OMEG
CFRL HGHT
986.90 -17.96 -18.31 -20.24 258.34 234.27 13.65 0.00
0.00 255.81
984.00 -18.16 -18.49 -20.27 258.35 235.27 17.74 0.00
0.00 277.80
978.60 -18.56 -18.81 -20.19 258.38 236.61 20.49 0.00
0.00 318.86
969.30 -18.96 -19.14 -20.15 258.70 240.14 24.21 0.00
0.00 390.00
955.60 -18.26 -18.31 -18.56 260.82 255.69 29.89 0.10
0.00 496.12
938.00 -18.86 -18.89 -19.04 261.54 265.87 35.08 0.20
100.00 634.73
916.90 -20.36 -20.38 -20.51 261.45 269.38 35.96 0.30
100.00 803.68
893.90 -19.86 -20.50 -24.53 263.26 277.98 40.63 0.50
0.00 991.93
869.00 -19.06 -20.13 -27.34 265.89 281.52 41.86 0.60
0.00 1201.80
841.10 -18.56 -19.59 -25.78 269.17 282.76 42.25 0.50
0.00 1444.83
810.30 -18.46 -19.32 -23.88 272.53 283.84 42.24 0.40
0.00 1723.01
776.60 -18.46 -19.24 -23.12 276.09 284.73 42.81 0.10
0.00 2039.85
739.90 -19.16 -19.92 -23.66 279.16 284.23 42.71 -0.30
0.00 2400.44
700.30 -20.96 -21.63 -25.18 281.40 284.73 42.81 -0.60
0.00 2808.15
657.70 -23.56 -24.08 -27.18 283.30 285.73 43.01 -0.80
0.00 3269.25
612.20 -26.46 -26.91 -30.00 285.47 288.03 43.34 -0.80
0.00 3790.17
564.30 -29.66 -30.05 -33.33 288.05 290.95 43.50 -0.60
0.00 4374.86
517.80 -33.36 -33.66 -36.70 290.44 293.40 44.05 -0.30
0.00 4983.29
476.00 -37.46 -37.69 -40.74 292.12 293.20 44.41 0.10
0.00 5569.15
438.60 -41.56 -41.74 -44.90 293.59 292.81 45.13 0.40
0.00 6128.88
405.00 -44.86 -45.05 -49.81 295.86 295.83 47.29 0.60
0.00 6665.38
374.60 -46.46 -46.69 -53.53 300.29 307.19 48.56 0.60
0.00 7185.02
347.20 -46.76 -47.13 -64.05 306.28 325.71 51.76 0.40
0.00 7688.74
322.60 -48.46 -48.81 -69.61 310.38 343.84 55.86 0.20
0.00 8173.92
300.40 -50.46 -50.76 -70.11 313.94 342.58 51.95 0.00
0.00 8640.79
280.40 -51.66 -51.94 -70.59 318.45 328.12 47.84 -0.20
0.00 9088.71
262.50 -51.76 -52.05 -71.05 324.35 317.80 47.75 -0.30
0.00 9516.31
245.80 -52.06 -52.36 -71.50 330.05 314.83 46.05 -0.40
0.00 9942.02
230.70 -52.36 -52.70 -98.55 335.57 308.87 41.19 -0.40
0.00 10352.06
217.00 -53.06 -53.39 -98.85 340.40 293.08 35.71 -0.30
0.00 10747.11
203.20 -54.26 -54.54 -72.80 345.01 273.47 38.56 -0.10
0.00 11169.29
189.40 -55.06 -55.33 -73.27 350.71 263.50 46.37 0.10
0.00 11619.10
175.60 -55.76 -56.03 -73.78 357.22 261.45 52.29 0.20
0.00 12101.30
161.80 -56.56 -56.83 -74.33 364.32 267.58 59.73 0.10
0.00 12621.19
148.10 -56.76 -57.05 -74.91 373.29 272.85 66.56 0.00
0.00 13181.87
134.30 -57.76 -58.04 -75.56 382.08 271.77 69.04 -0.10
0.00 13800.02
120.50 -60.16 -60.39 -76.26 389.70 271.21 73.88 -0.10
0.00 14479.85
106.70 -62.56 -62.75 -77.05 398.92 273.08 79.62 0.00
0.00 15233.91
92.90 -64.26 -64.43 -77.94 411.65 275.21 83.54 0.00
0.00 16084.25
80.10 -65.26 -65.43 -78.87 427.39 275.77 86.94 0.00
0.00 16988.59
69.90 -65.66 -65.87 -104.15 443.41 275.98 89.51 0.00
0.00 17816.70
61.50 -65.76 -66.00 -104.73 459.69 276.44 90.18 -0.10
0.00 18594.14
53.70 -66.06 -66.30 -81.35 477.21 277.30 88.77 -0.10
0.00 19416.90
46.50 -66.66 -66.91 -82.23 495.79 278.82 86.16 0.00
0.00 20288.35
39.70 -68.16 -68.40 -83.18 514.90 281.05 83.18 0.00
0.00 21240.53
33.50 -70.46 -70.66 -84.19 534.41 282.30 79.38 0.00
0.00 22253.76
27.60 -72.56 -72.74 -85.32 558.94 280.15 77.21 0.00
0.00 23397.28
22.10 -73.16 -73.37 -86.60 593.76 278.63 79.04 0.00
0.00 24700.28
17.00 -71.46 -71.81 -88.09 645.36 282.19 81.93 0.00
0.00 26242.77
12.30 -66.46 -67.41 -111.58 725.24 295.71 86.94 0.00
0.00 28177.09

STID = KLAN STNM = 725390 TIME = 140129/1200
SLAT = 42.77 SLON = -84.60 SELV = 249.00
STIM = 16

SHOW = 18.13 LIFT = 24.04 SWET = 128.40 KINX = -11.70
LCLP = 949.43 PWAT = 3.46 TOTL = 28.59 CAPE = 0.00
LCLT = 252.02 CINS = 0.00 EQLV = -9999.00 LFCT = -9999.00
BRCH = 0.00

PRES TMPC TMWC DWPC THTE DRCT SKNT OMEG
CFRL HGHT
986.60 -18.36 -18.71 -20.70 257.88 232.33 14.00 0.00
0.00 255.80
983.70 -18.56 -18.89 -20.73 257.89 233.75 18.08 0.10
0.00 277.76
978.30 -18.86 -19.13 -20.64 258.02 235.44 21.24 0.10
0.00 318.78
969.00 -19.16 -19.33 -20.30 258.50 238.74 25.47 0.20
0.00 389.87
955.30 -18.06 -18.10 -18.32 261.10 254.01 31.75 0.20
0.00 496.02
937.70 -18.56 -18.60 -18.78 261.92 264.72 35.92 0.30
100.00 634.82
916.70 -20.16 -20.17 -20.23 261.73 267.89 36.96 0.40
100.00 803.18
893.70 -19.66 -20.14 -22.94 263.73 278.20 42.22 0.40
0.00 991.63
868.80 -19.26 -19.88 -23.43 266.26 281.41 43.23 0.40
0.00 1201.56
840.90 -18.96 -19.42 -21.78 269.43 285.70 43.82 0.30
0.00 1444.39
810.10 -18.16 -18.74 -21.52 273.32 289.22 44.88 0.10
0.00 1722.62
776.30 -17.56 -18.36 -22.00 277.32 290.15 45.14 -0.10
0.00 2041.27
739.70 -18.66 -19.51 -23.67 279.74 289.38 44.51 -0.20
0.00 2402.00
700.10 -20.66 -21.49 -25.99 281.61 288.60 43.27 -0.30
0.00 2810.46
657.50 -22.96 -23.69 -28.08 283.86 289.94 42.18 -0.40
0.00 3272.51
612.00 -25.66 -26.27 -30.42 286.36 293.88 40.81 -0.40
0.00 3795.05
564.10 -29.16 -29.66 -33.85 288.61 296.44 39.73 -0.20
0.00 4381.48
517.70 -33.36 -33.73 -37.68 290.36 295.94 39.99 0.20
0.00 4989.39
475.90 -37.26 -37.55 -41.60 292.32 298.07 42.96 0.40
0.00 5575.61
438.50 -40.26 -40.61 -47.50 295.12 303.82 46.09 0.60
0.00 6137.25
404.90 -42.26 -42.71 -55.67 299.07 313.01 47.59 0.70
0.00 6678.41
374.50 -43.06 -43.60 -68.56 304.59 337.43 56.21 0.70
0.00 7205.02
347.10 -45.36 -45.82 -69.10 308.16 350.08 64.33 0.60
0.00 7714.21
322.50 -48.26 -48.62 -69.61 310.68 353.66 65.13 0.40
0.00 8201.26
300.30 -51.06 -51.34 -70.11 313.12 349.82 61.62 0.20
0.00 8667.85
280.30 -52.76 -53.00 -70.59 316.90 338.53 56.82 0.00
0.00 9114.21
262.40 -53.16 -53.43 -97.92 322.29 328.08 54.04 -0.10
0.00 9539.56
245.70 -52.86 -53.16 -98.24 328.85 321.23 46.87 -0.10
0.00 9963.32
230.70 -52.46 -52.79 -98.55 335.42 308.70 38.86 -0.10
0.00 10369.89
216.90 -53.36 -53.68 -98.85 339.99 292.80 37.11 -0.10
0.00 10767.56
203.10 -54.36 -54.64 -72.80 344.90 277.78 40.22 -0.10
0.00 11189.55
189.30 -55.76 -56.01 -73.28 349.64 268.79 45.88 -0.10
0.00 11638.77
175.60 -57.26 -57.49 -73.78 354.75 268.50 51.92 0.00
0.00 12115.18
161.80 -58.16 -58.38 -74.33 361.63 273.40 59.00 0.10
0.00 12631.36
148.00 -58.16 -58.40 -74.92 370.94 275.99 67.04 0.10
0.00 13192.41
134.20 -58.26 -58.52 -75.56 381.28 274.25 70.75 0.00
0.00 13808.27
120.50 -59.76 -60.00 -76.26 390.43 269.54 73.28 -0.10
0.00 14483.27
106.70 -62.76 -62.94 -77.05 398.54 270.43 77.37 -0.20
0.00 15237.69
92.90 -65.36 -65.51 -77.94 409.48 274.74 82.31 -0.10
0.00 16085.39
80.10 -66.86 -67.00 -78.87 424.10 278.89 89.32 0.00
0.00 16983.87
69.80 -67.06 -67.24 -104.16 440.60 280.33 93.26 0.00
0.00 17814.65
61.50 -66.46 -66.68 -104.73 458.14 280.44 93.29 0.00
0.00 18579.50
53.70 -65.96 -66.20 -81.35 477.44 281.38 91.60 -0.10
0.00 19401.07
46.40 -66.36 -66.62 -82.24 496.81 282.91 86.15 -0.10
0.00 20286.41
39.70 -68.16 -68.40 -83.18 514.90 284.17 78.59 -0.10
0.00 21226.31
33.40 -70.46 -70.66 -84.21 534.86 283.12 73.65 -0.10
0.00 22257.38
27.60 -72.46 -72.64 -85.32 559.21 279.76 73.37 0.00
0.00 23383.52
22.10 -73.46 -73.66 -86.60 592.86 276.37 75.30 0.00
0.00 24685.88
17.00 -73.86 -74.10 -88.09 637.68 279.69 80.85 0.10
0.00 26218.00
12.30 -68.16 -68.93 -111.58 719.28 291.08 91.87 0.00
0.00 28132.90

STID = KLAN STNM = 725390 TIME = 140129/1300
SLAT = 42.77 SLON = -84.60 SELV = 249.00
STIM = 17

SHOW = 17.57 LIFT = 24.74 SWET = 130.43 KINX = -9.95
LCLP = 948.02 PWAT = 3.33 TOTL = 29.83 CAPE = 0.00
LCLT = 251.69 CINS = 0.00 EQLV = -9999.00 LFCT = -9999.00
BRCH = 0.00

PRES TMPC TMWC DWPC THTE DRCT SKNT OMEG
CFRL HGHT
986.90 -18.56 -18.92 -21.00 257.60 229.24 14.88 0.00
0.00 255.04
983.90 -18.66 -19.01 -21.04 257.72 230.34 19.19 0.10
0.00 277.74
978.50 -19.06 -19.34 -20.95 257.75 231.81 22.01 0.10
0.00 318.72
969.30 -19.36 -19.57 -20.75 258.19 234.76 25.94 0.10
0.00 388.97
955.60 -18.06 -18.17 -18.69 261.00 251.46 32.39 0.10
0.00 495.05
937.90 -18.16 -18.18 -18.29 262.42 266.51 38.36 0.10
100.00 634.71
916.90 -19.66 -19.69 -19.82 262.31 268.05 40.07 0.00
100.00 803.33
893.90 -19.26 -19.72 -22.29 264.23 279.17 43.91 -0.10
0.00 992.08
869.00 -18.66 -19.04 -20.99 267.31 285.06 44.89 -0.20
0.00 1202.39
841.10 -17.16 -17.77 -20.56 271.57 289.14 45.06 -0.20
0.00 1446.33
810.30 -16.06 -17.06 -21.51 275.56 290.79 44.91 -0.20
0.00 1726.63
776.50 -16.86 -18.06 -23.88 277.69 291.62 45.37 -0.10
0.00 2046.94
739.80 -18.66 -19.76 -25.55 279.38 293.29 45.71 -0.10
0.00 2409.05
700.20 -20.46 -21.34 -26.15 281.79 294.99 44.18 -0.10
0.00 2817.59
657.70 -22.36 -23.19 -28.07 284.51 296.81 41.38 -0.10
0.00 3279.19
612.20 -25.36 -26.07 -31.07 286.59 297.82 39.56 -0.10
0.00 3802.51
564.30 -29.26 -29.84 -34.94 288.34 298.59 39.40 0.00
0.00 4388.96
517.80 -32.96 -33.46 -39.12 290.70 302.77 40.22 0.00
0.00 4998.37
476.00 -35.66 -36.24 -45.37 294.05 312.13 41.15 0.20
0.00 5586.93
438.60 -37.66 -38.36 -55.02 298.15 322.62 43.54 0.30
0.00 6153.44
405.00 -39.26 -40.00 -68.00 302.78 339.69 52.65 0.30
0.00 6701.00
374.60 -41.26 -41.91 -68.56 306.95 352.10 60.83 0.30
0.00 7232.94
347.20 -44.06 -44.58 -69.09 309.89 4.39 71.16 0.30
0.00 7745.44
322.50 -47.76 -48.14 -69.61 311.37 7.39 77.03 0.30
0.00 8236.34
300.30 -51.46 -51.73 -70.11 312.56 2.41 69.45 0.30
0.00 8703.04
280.40 -53.76 -54.00 -97.59 315.39 346.15 56.86 0.20
0.00 9145.68
262.50 -54.36 -54.60 -97.92 320.50 330.55 51.79 0.20
0.00 9568.75
245.80 -53.76 -54.03 -98.24 327.47 320.83 44.63 0.10
0.00 9990.31
230.70 -53.06 -53.37 -98.55 334.51 306.51 37.24 0.10
0.00 10398.13
217.00 -53.86 -54.14 -72.35 339.22 290.22 35.42 0.00
0.00 10791.84
203.20 -55.16 -55.41 -72.80 343.59 275.91 39.67 0.00
0.00 11212.37
189.40 -56.56 -56.79 -73.27 348.30 269.28 46.65 0.00
0.00 11659.72
175.60 -57.46 -57.68 -73.78 354.43 270.00 52.09 0.00
0.00 12138.38
161.80 -58.26 -58.48 -74.33 361.46 273.60 58.82 0.10
0.00 12654.19
148.00 -58.56 -58.79 -74.92 370.25 274.99 64.78 0.10
0.00 13214.59
134.30 -59.16 -59.39 -75.56 379.60 273.43 68.16 0.20
0.00 13823.92
120.50 -60.86 -61.07 -76.26 388.42 271.71 71.76 0.20
0.00 14500.41
106.70 -63.16 -63.33 -77.05 397.78 273.89 77.35 0.10
0.00 15252.16
92.90 -65.06 -65.21 -77.94 410.08 277.22 83.47 0.00
0.00 16099.66
80.10 -66.96 -67.09 -78.87 423.89 279.27 86.86 -0.10
0.00 16998.58
69.90 -68.46 -68.61 -104.15 437.43 280.87 89.66 -0.20
0.00 17817.72
61.50 -68.46 -68.63 -104.73 453.71 282.63 92.43 -0.20
0.00 18584.85
53.70 -68.26 -68.43 -81.35 472.14 285.60 93.24 -0.10
0.00 19397.89
46.50 -68.56 -68.75 -82.23 491.22 288.79 89.93 -0.10
0.00 20260.70
39.70 -69.06 -69.27 -83.18 512.64 288.81 85.01 -0.10
0.00 21206.40
33.50 -69.76 -69.99 -84.19 536.25 285.70 81.17 0.00
0.00 22219.14
27.60 -71.06 -71.29 -85.32 563.12 282.33 77.40 0.00
0.00 23368.89
22.10 -73.06 -73.27 -86.60 594.05 282.40 74.24 0.00
0.00 24677.09
17.00 -75.06 -75.26 -88.09 633.84 284.41 78.87 0.10
0.00 26206.14
12.30 -69.96 -70.57 -111.58 712.96 288.04 99.15 0.00
0.00 28106.83

STID = KLAN STNM = 725390 TIME = 140129/1400
SLAT = 42.77 SLON = -84.60 SELV = 249.00
STIM = 18

SHOW = 17.52 LIFT = 25.93 SWET = 128.86 KINX = -9.42
LCLP = 943.50 PWAT = 3.22 TOTL = 28.76 CAPE = 0.00
LCLT = 251.32 CINS = 0.00 EQLV = -9999.00 LFCT = -9999.00
BRCH = 0.00

PRES TMPC TMWC DWPC THTE DRCT SKNT OMEG
CFRL HGHT
987.30 -18.56 -18.97 -21.32 257.52 229.09 15.43 0.10
0.00 255.79
984.40 -18.86 -19.22 -21.35 257.43 230.19 19.74 0.10
0.00 277.71
979.00 -19.26 -19.57 -21.42 257.43 230.57 22.65 0.10
0.00 318.64
969.70 -19.76 -19.99 -21.36 257.65 232.54 26.20 0.10
0.00 389.54
956.00 -18.46 -18.54 -18.94 260.50 248.45 32.81 0.10
0.00 495.41
938.40 -17.66 -17.75 -18.16 262.93 266.02 39.17 0.00
0.00 634.24
917.30 -18.96 -19.00 -19.17 263.13 270.77 43.55 0.00
100.00 803.98
894.30 -18.46 -18.99 -21.82 265.12 280.74 45.90 0.00
0.00 993.21
869.40 -17.06 -17.59 -20.05 269.15 285.51 45.79 0.00
0.00 1204.42
841.50 -15.46 -16.47 -20.95 273.26 286.33 43.55 0.10
0.00 1449.83
810.70 -15.26 -16.78 -24.20 275.86 287.03 42.49 0.20
0.00 1731.34
776.90 -16.66 -18.28 -27.25 277.32 290.65 43.00 0.20
0.00 2052.08
740.20 -18.46 -19.74 -26.79 279.35 295.56 44.60 0.10
0.00 2414.25
700.60 -20.16 -21.04 -25.65 282.17 298.83 43.93 0.00
0.00 2822.96
658.00 -22.16 -22.98 -27.70 284.76 299.95 41.28 0.00
0.00 3285.88
612.50 -25.16 -25.88 -30.84 286.81 300.13 39.11 0.00
0.00 3809.37
564.60 -28.66 -29.26 -34.37 289.07 304.10 37.79 0.00
0.00 4396.49
518.10 -31.76 -32.40 -39.51 292.07 314.80 39.17 0.00
0.00 5007.83
476.30 -33.96 -34.79 -48.39 295.96 324.71 42.39 0.00
0.00 5599.58
438.80 -35.56 -36.48 -59.14 300.69 339.23 48.23 0.00
0.00 6171.86
405.20 -37.66 -38.52 -68.00 304.81 348.57 53.94 0.00
0.00 6723.46
374.70 -40.36 -41.05 -63.48 308.16 357.79 60.50 0.00
0.00 7259.82
347.30 -43.96 -44.47 -64.05 310.04 1.82 67.48 0.00
0.00 7773.28
322.70 -47.96 -48.28 -61.53 311.12 0.80 69.59 0.10
0.00 8261.87
300.50 -51.66 -51.89 -65.13 312.26 359.83 67.06 0.10
0.00 8727.86
280.50 -54.76 -54.95 -70.59 313.96 356.96 58.59 0.20
0.00 9171.29
262.60 -56.16 -56.36 -97.92 317.83 338.24 47.72 0.20
0.00 9591.50
245.90 -55.56 -55.78 -98.24 324.74 316.71 45.93 0.10
0.00 10009.44
230.80 -54.56 -54.80 -71.93 332.23 303.76 47.23 0.00
0.00 10414.03
217.10 -54.86 -55.10 -72.35 337.62 294.51 43.58 -0.10
0.00 10805.32
203.30 -55.56 -55.80 -72.79 342.91 278.44 41.07 -0.10
0.00 11224.31
189.50 -57.06 -57.27 -73.27 347.45 268.84 48.22 -0.10
0.00 11670.50
175.70 -57.66 -57.87 -73.78 354.04 271.83 54.65 0.00
0.00 12148.12
161.90 -57.66 -57.89 -74.32 362.40 273.74 59.61 0.20
0.00 12664.11
148.10 -57.96 -58.21 -74.91 371.22 272.99 63.45 0.30
0.00 13225.71
134.30 -59.36 -59.59 -75.56 379.24 271.34 66.69 0.30
0.00 13839.85
120.50 -61.66 -61.85 -76.26 386.95 271.42 70.78 0.20
0.00 14514.76
106.70 -64.06 -64.21 -77.05 396.08 275.81 76.79 0.20
0.00 15263.48
93.00 -65.56 -65.70 -77.93 408.96 280.70 82.69 0.10
0.00 16101.58
80.20 -66.56 -66.73 -103.53 424.50 281.85 85.20 -0.10
0.00 16999.23
69.90 -66.86 -67.04 -104.15 440.85 280.43 86.96 -0.20
0.00 17829.90
61.50 -67.16 -67.36 -104.73 456.59 280.09 87.66 -0.20
0.00 18602.46
53.80 -67.96 -68.14 -81.34 472.58 282.71 85.68 -0.20
0.00 19407.48
46.50 -68.86 -69.04 -82.23 490.50 285.93 82.88 -0.10
0.00 20281.44
39.70 -70.16 -70.34 -83.18 509.88 287.87 81.70 0.00
0.00 21223.91
33.50 -71.66 -71.83 -84.19 531.24 288.73 82.31 0.00
0.00 22229.19
27.60 -72.86 -73.03 -85.32 558.10 289.55 81.89 0.10
0.00 23368.45
22.10 -73.26 -73.46 -86.60 593.46 290.01 78.40 0.00
0.00 24670.15
17.00 -74.46 -74.68 -88.09 635.76 289.93 77.54 0.00
0.00 26200.74
12.30 -69.16 -69.84 -111.58 715.77 290.83 101.70 0.00
0.00 28108.06
STN YYMMDD/HHMM PMSL PRES SKTC STC1 SNFL WTNS
P01M C01M STC2 LCLD MCLD HCLD
SNRA UWND VWND R01M BFGR T2MS
Q2MS WXTS WXTP WXTZ WXTR USTM
VSTM HLCY SLLH WSYM CDBP VSBK
TD2M
725390 140128/2000 1025.00 992.40 -273.16 261.50 -9999.00 -9999.00
-9999.00 -9999.00 262.00 -9999.00 -9999.00 -9999.00
0.00 8.10 4.30 -9999.00 -9999.00 -13.96
0.90 0.00 0.00 0.00 0.00 17.70
-5.40 77.60 -9999.00 999.00 -9999.00 20.00
-18.51
725390 140128/2100 1025.60 992.70 -273.16 261.60 0.00 -9999.00
0.00 0.00 262.00 -9999.00 -9999.00 -9999.00
0.00 7.70 4.80 0.00 0.00 -15.86
0.85 0.00 0.00 0.00 0.00 16.60
-5.90 118.10 -9999.00 999.00 -9999.00 20.00
-19.17
725390 140128/2200 1024.90 991.80 -273.16 261.60 0.00 -9999.00
0.00 0.00 262.10 -9999.00 -9999.00 -9999.00
0.00 7.60 5.00 0.00 0.00 -17.26
0.76 0.00 0.00 0.00 0.00 15.50
-6.40 170.40 -9999.00 999.00 -9999.00 20.00
-20.48
725390 140128/2300 1025.70 992.40 -273.16 261.70 0.10 -9999.00
0.00 0.00 262.10 -9999.00 -9999.00 -9999.00
0.00 6.60 5.00 0.00 0.00 -18.96
0.65 0.00 0.00 0.00 0.00 14.00
-6.60 217.00 -9999.00 999.00 -9999.00 20.00
-22.27
725390 140129/0000 1027.10 993.60 -273.16 261.60 1.00 -9999.00
0.00 0.00 262.10 -9999.00 -9999.00 -9999.00
0.00 5.90 5.60 0.00 0.00 -19.96
0.60 0.00 0.00 0.00 0.00 12.10
-5.40 241.40 -9999.00 999.00 -9999.00 7.54
-23.16
725390 140129/0100 1026.00 992.40 -273.16 261.60 3.30 -9999.00
0.00 0.00 262.10 -9999.00 -9999.00 -9999.00
0.00 6.30 5.50 0.00 0.00 -20.46
0.59 0.00 0.00 0.00 0.00 10.80
-5.10 243.00 -9999.00 999.00 921.10 3.58
-23.36
725390 140129/0200 1026.00 992.40 -273.16 261.50 6.30 -9999.00
0.01 0.00 262.00 -9999.00 -9999.00 -9999.00
0.00 6.50 5.60 0.00 0.00 -20.76
0.57 0.00 0.00 0.00 0.00 10.40
-5.20 272.90 -9999.00 999.00 921.10 2.41
-23.75
725390 140129/0300 1025.60 992.00 -273.16 261.50 11.80 -9999.00
0.01 0.00 262.00 -9999.00 -9999.00 -9999.00
0.00 6.40 5.80 0.00 0.00 -20.96
0.57 0.00 0.00 0.00 0.00 8.90
-2.50 279.00 -9999.00 999.00 920.70 1.63
-23.76
725390 140129/0400 1024.20 990.70 -273.16 261.40 21.70 -9999.00
0.02 0.00 262.00 -9999.00 -9999.00 -9999.00
0.00 6.20 5.10 0.00 0.00 -20.16
0.62 1.00 0.00 0.00 0.00 8.50
-1.90 229.90 -9999.00 70.00 919.50 1.11
-22.82
725390 140129/0500 1022.30 989.10 -273.16 261.40 35.40 -9999.00
0.04 0.00 261.90 -9999.00 -9999.00 -9999.00
0.00 6.40 4.60 0.00 0.00 -19.26
0.69 1.00 0.00 0.00 0.00 9.20
-3.50 187.50 -9999.00 70.00 918.00 0.82
-21.63
725390 140129/0600 1022.40 989.20 -273.16 261.30 39.90 -9999.00
0.04 0.00 261.90 -9999.00 -9999.00 -9999.00
0.00 6.50 4.20 0.00 0.00 -18.36
0.75 1.00 0.00 0.00 0.00 9.20
-4.10 147.00 -9999.00 70.00 918.20 0.77
-20.67
725390 140129/0700 1022.60 989.60 -273.16 261.30 42.40 -9999.00
0.04 0.00 261.80 -9999.00 -9999.00 -9999.00
0.00 6.40 4.00 0.00 0.00 -17.66
0.80 1.00 0.00 0.00 0.00 9.70
-5.00 128.80 -9999.00 70.00 918.50 0.74
-19.91
725390 140129/0800 1021.00 988.00 -273.16 261.30 39.30 -9999.00
0.04 0.00 261.80 -9999.00 -9999.00 -9999.00
0.00 6.00 4.10 0.00 0.00 -17.36
0.83 1.00 0.00 0.00 0.00 11.10
-6.10 137.20 -9999.00 70.00 917.10 0.77
-19.51
725390 140129/0900 1021.10 988.20 -273.16 261.30 26.00 -9999.00
0.03 0.00 261.80 -9999.00 -9999.00 -9999.00
0.00 5.80 4.20 0.00 0.00 -17.36
0.83 1.00 0.00 0.00 0.00 13.60
-7.60 135.70 -9999.00 70.00 917.30 1.01
-19.50
725390 140129/1000 1021.50 988.60 -273.16 261.30 14.30 -9999.00
0.01 0.00 261.80 -9999.00 -9999.00 -9999.00
0.00 6.40 4.50 0.00 0.00 -17.56
0.82 0.00 0.00 0.00 0.00 14.80
-8.70 182.70 -9999.00 999.00 938.60 1.45
-19.64
725390 140129/1100 1020.70 987.80 -273.16 261.30 13.60 -9999.00
0.01 0.00 261.80 -9999.00 -9999.00 -9999.00
0.00 6.80 4.90 0.00 0.00 -18.06
0.79 0.00 0.00 0.00 0.00 13.80
-9.10 247.40 -9999.00 999.00 938.00 1.50
-20.08
725390 140129/1200 1020.40 987.50 -273.16 261.30 14.80 -9999.00
0.01 0.00 261.80 -9999.00 -9999.00 -9999.00
0.00 7.00 5.20 0.00 0.00 -18.36
0.76 0.00 0.00 0.00 0.00 12.50
-8.70 313.70 -9999.00 999.00 937.70 1.42
-20.53
725390 140129/1300 1020.70 987.70 -273.16 261.30 17.00 -9999.00
0.02 0.00 261.70 -9999.00 -9999.00 -9999.00
0.00 7.30 5.80 0.00 0.00 -18.56
0.74 0.00 0.00 0.00 0.00 11.30
-7.70 416.30 -9999.00 999.00 937.90 1.31
-20.84
725390 140129/1400 1021.20 988.20 -273.16 261.30 8.10 -9999.00
0.01 0.00 261.70 -9999.00 -9999.00 -9999.00
0.00 7.10 6.20 0.00 0.00 -18.46
0.73 0.00 0.00 0.00 0.00 10.30
-7.50 468.50 -9999.00 999.00 917.30 2.10
-20.99


